1001  6.1672
1011  3.84937
1021  7.83747
1031  5.14797
1041  4.32432
1051  4.52727
1061  13.2211
1071  3.52979
1081  4.35639
1091  2.87172
1101  8.2031
1111  5.06265
1121  3.35567
1131  5.63277
1141  3.85694
1151  6.9318
1161  4.46922
1171  1.12703
1181  7.26951
1191  5.73971
1201  5.67743
1211  3.79186
1221  8.68618
1231  5.24256
1241  5.01966
1251  6.8894
1261  4.63437
1271  5.22755
1281  3.44755
1291  4.91777
1301  7.15446
1311  4.94818
1321  4.60856
1331  2.13332
1341  5.01245
1351  4.36234
1361  4.63226
1371  4.55504
1381  3.91185
1391  6.88391
1401  2.11266
1411  2.73696
1421  2.75403
1431  2.66314
1441  5.8977
1451  8.63964
1461  4.85296
1471  6.18163
1481  8.49596
1491  2.26735
1501  5.28152
1511  5.47792
1521  4.50298
1531  2.82916
1541  3.80514
1551  7.8497
1561  5.48105
1571  6.74752
1581  3.06777
1591  6.3365
1601  3.84844
1611  2.42889
1621  10.2818
1631  5.14421
1641  2.73114
1651  1.63604
1661  10.6951
1671  2.95318
1681  2.18232
1691  4.28394
1701  4.34643
1711  6.8049
1721  6.40329
1731  6.59107
1741  6.91592
1751  6.46543
1761  6.60809
1771  2.91767
1781  5.88149
1791  5.85521
1801  5.18307
1811  10.6306
1821  3.09607
1831  2.89274
1841  3.52729
1851  6.36138
1861  6.07029
1871  4.99616
1881  8.52559
1891  3.81189
1901  2.52545
1911  4.7334
1921  4.83767
1931  4.90946
1941  2.66133
1951  8.11563
1961  2.66091
1971  5.67733
1981  6.92039
1991  3.76776
2001  6.86006
2011  2.99317
2021  3.73925
2031  5.79725
2041  1.47616
2051  4.19109
2061  3.45223
2071  4.08493
2081  4.96544
2091  2.7806
2101  4.3602
2111  0.95092
2121  6.36391
2131  5.3231
2141  4.36526
2151  8.05482
2161  5.86211
2171  3.51307
2181  0.791189
2191  4.68236
2201  4.45178
2211  1.19323
2221  2.97824
2231  2.2748
2241  5.95462
2251  7.06169
2261  1.98699
2271  4.14086
2281  4.67629
2291  3.61461
2301  6.82258
2311  5.92522
2321  1.98375
2331  5.96336
2341  4.6563
2351  9.66407
2361  3.32481
2371  8.49674
2381  3.44694
2391  3.5211
2401  8.97936
2411  4.40857
2421  3.12701
2431  5.3134
2441  5.15397
2451  6.30752
2461  3.40877
2471  2.51404
2481  2.65419
2491  4.56257
2501  4.31654
2511  4.24351
2521  4.30853
2531  7.84456
2541  4.08741
2551  3.6358
2561  3.75683
2571  3.0331
2581  3.4433
2591  5.14287
2601  6.05047
2611  4.1696
2621  4.35491
2631  6.06046
2641  3.5849
2651  3.29208
2661  7.68298
2671  5.42431
2681  7.43481
2691  3.29519
2701  2.22528
2711  6.23614
2721  2.33942
2731  6.30537
2741  2.92331
2751  3.29918
2761  6.3224
2771  6.82019
2781  7.0307
2791  4.56618
2801  4.79873
2811  3.22442
2821  7.51581
2831  6.47219
2841  6.3827
2851  6.39503
2861  5.08625
2871  1.92652
2881  5.63918
2891  4.67036
2901  3.80996
2911  3.6016
2921  5.31653
2931  3.4474
2941  2.18567
2951  2.80021
2961  2.68083
2971  3.45947
2981  5.42727
2991  7.12422
3001  4.05743
3011  2.09231
3021  6.61036
3031  1.87199
3041  5.14505
3051  5.733
3061  3.36704
3071  2.33952
3081  5.38437
3091  2.57781
3101  2.07848
3111  6.31278
3121  4.59928
3131  10.3313
3141  5.47935
3151  3.15003
3161  5.18245
3171  3.24302
3181  3.07449
3191  4.84341
3201  8.43124
3211  6.85356
3221  6.0034
3231  4.05818
3241  3.76457
3251  6.47685
3261  5.0776
3271  5.02882
3281  2.72398
3291  6.04235
3301  3.06845
3311  7.26843
3321  5.24995
3331  2.26973
3341  15.1906
3351  5.07736
3361  5.24345
3371  7.13656
3381  5.75811
3391  3.38834
3401  7.01048
3411  7.56762
3421  4.42377
3431  2.08556
3441  1.83636
3451  6.35628
3461  4.13763
3471  5.27696
3481  14.9226
3491  2.61395
3501  2.04763
3511  10.8927
3521  4.07032
3531  5.817
3541  5.20867
3551  4.67478
3561  5.94686
3571  5.12287
3581  7.17853
3591  3.30545
3601  5.41972
3611  7.1788
3621  5.77154
3631  3.48148
3641  4.55493
3651  3.08473
3661  3.17721
3671  2.09836
3681  4.09404
3691  5.80299
3701  6.05443
3711  6.27436
3721  5.36313
3731  4.04287
3741  3.48115
3751  3.93177
3761  3.16223
3771  3.80022
3781  4.89541
3791  4.27748
3801  4.31119
3811  5.06661
3821  8.13916
3831  3.91612
3841  3.93137
3851  5.33528
3861  3.73696
3871  4.83601
3881  3.5978
3891  3.11491
3901  6.77841
3911  4.46432
3921  3.04803
3931  12.4738
3941  10.4382
3951  1.85709
3961  3.9347
3971  5.68236
3981  2.25659
3991  2.21628
4001  9.4096
4011  3.2752
4021  2.53185
4031  3.38648
4041  4.50751
4051  9.00414
4061  2.39554
4071  4.01145
4081  8.55062
4091  6.77486
4101  6.47094
4111  5.2352
4121  2.53228
4131  2.20884
4141  2.36328
4151  3.15729
4161  1.60384
4171  4.97313
4181  7.03354
4191  13.1505
4201  4.58831
4211  3.26381
4221  3.66728
4231  3.31077
4241  2.27665
4251  4.75319
4261  4.88336
4271  1.24079
4281  4.05555
4291  4.53499
4301  2.69711
4311  6.3266
4321  3.89884
4331  6.66219
4341  8.0268
4351  8.26358
4361  4.33554
4371  3.5179
4381  6.79925
4391  2.85671
4401  9.85577
4411  4.20996
4421  7.40669
4431  10.5707
4441  4.3092
4451  1.77284
4461  0.962396
4471  3.02233
4481  7.66783
4491  8.45706
4501  4.57128
4511  3.57301
4521  3.11783
4531  5.58378
4541  3.5639
4551  2.903
4561  5.06121
4571  5.02593
4581  5.08166
4591  5.14747
4601  5.79535
4611  9.02127
4621  2.17223
4631  2.87488
4641  3.19213
4651  5.90822
4661  6.55153
4671  3.04861
4681  3.44933
4691  6.60317
4701  4.14457
4711  6.99843
4721  7.05063
4731  3.35794
4741  4.05327
4751  6.02436
4761  4.72301
4771  3.99385
4781  7.22705
4791  9.0141
4801  5.38114
4811  4.38487
4821  2.80476
4831  5.80148
4841  6.08602
4851  3.86819
4861  2.87406
4871  4.34159
4881  4.28309
4891  2.6013
4901  7.7009
4911  3.60301
4921  7.88537
4931  6.66694
4941  4.31578
4951  5.80675
4961  4.73548
4971  2.95654
4981  8.61395
4991  2.14984
5001  3.31314
5011  6.97861
5021  3.51848
5031  4.44098
5041  9.4533
5051  4.51606
5061  3.16444
5071  6.02878
5081  10.9405
5091  5.3238
5101  4.96209
5111  5.41286
5121  1.19496
5131  6.94427
5141  4.49661
5151  2.99566
5161  9.54327
5171  5.64674
5181  6.59562
5191  4.15908
5201  7.85734
5211  3.29651
5221  6.10795
5231  7.54543
5241  3.2057
5251  4.81836
5261  3.44589
5271  4.72698
5281  10.0634
5291  2.44379
5301  4.85023
5311  7.74148
5321  10.0627
5331  7.93816
5341  3.67157
5351  4.22743
5361  4.13428
5371  6.61398
5381  1.01838
5391  4.5442
5401  5.89925
5411  4.31584
5421  7.96655
5431  5.51532
5441  3.54182
5451  4.14292
5461  4.09697
5471  3.56781
5481  6.02337
5491  5.78002
5501  1.58841
5511  5.07353
5521  6.95733
5531  3.9581
5541  4.08422
5551  3.58326
5561  7.12516
5571  7.27613
5581  5.08393
5591  5.26211
5601  3.43485
5611  6.77595
5621  3.82846
5631  7.68647
5641  9.33268
5651  3.11318
5661  1.90019
5671  9.2607
5681  3.0165
5691  4.35675
5701  4.93004
5711  3.53881
5721  3.60668
5731  3.06421
5741  3.47067
5751  5.22904
5761  6.39231
5771  2.10833
5781  4.56115
5791  6.58701
5801  2.31967
5811  8.74629
5821  3.72909
5831  3.51704
5841  6.16355
5851  4.20244
5861  6.17738
5871  0.722532
5881  3.53863
5891  3.82143
5901  4.1979
5911  4.84794
5921  6.83794
5931  3.64998
5941  2.74825
5951  3.65098
5961  13.1755
5971  2.95534
5981  10.4594
5991  6.78903
6001  4.42279
6011  2.87842
6021  7.36525
6031  5.3601
6041  6.36463
6051  3.17768
6061  2.50184
6071  4.82557
6081  4.61376
6091  7.82157
6101  2.51888
6111  3.80344
6121  3.89636
6131  5.37899
6141  4.79188
6151  3.18042
6161  3.13058
6171  5.06629
6181  9.28834
6191  6.85657
6201  0.952803
6211  4.43948
6221  1.47249
6231  11.1456
6241  4.5228
6251  2.81057
6261  5.6823
6271  4.27108
6281  5.3751
6291  4.2664
6301  5.12803
6311  8.78301
6321  3.00066
6331  8.18447
6341  5.57147
6351  8.22474
6361  5.70012
6371  3.21924
6381  5.54054
6391  9.71957
6401  6.01625
6411  2.77595
6421  8.21228
6431  9.92637
6441  5.08381
6451  8.35319
6461  7.06747
6471  5.703
6481  0.883283
6491  8.2428
6501  5.13302
6511  2.79321
6521  3.71583
6531  3.01924
6541  3.20341
6551  3.52002
6561  4.72821
6571  7.61504
6581  7.5049
6591  4.3519
6601  4.06447
6611  3.79537
6621  5.14035
6631  3.23621
6641  2.99916
6651  7.01637
6661  3.61935
6671  1.66059
6681  5.19694
6691  2.46533
6701  4.52097
6711  7.04815
6721  3.94073
6731  1.94141
6741  3.39921
6751  3.87675
6761  4.8847
6771  7.61594
6781  1.41181
6791  3.76673
6801  3.27003
6811  4.89712
6821  4.17795
6831  1.61583
6841  7.77528
6851  4.88401
6861  5.54982
6871  11.8717
6881  6.53768
6891  4.83946
6901  4.15005
6911  3.71996
6921  4.42468
6931  2.07995
6941  4.41083
6951  5.13995
6961  6.29777
6971  4.56285
6981  4.4984
6991  6.15664
7001  7.73257
7011  8.11357
7021  3.10447
7031  9.80334
7041  6.59185
7051  5.27398
7061  5.14719
7071  5.09796
7081  2.53576
7091  3.30134
7101  7.01757
7111  2.57108
7121  7.40259
7131  8.77019
7141  5.9383
7151  5.96502
7161  5.43901
7171  6.896
7181  4.02513
7191  5.61952
7201  2.91961
7211  4.57196
7221  2.62101
7231  8.42477
7241  4.03294
7251  2.53024
7261  7.51491
7271  4.72622
7281  2.17466
7291  5.66002
7301  5.27959
7311  5.10472
7321  5.54475
7331  3.45218
7341  2.81029
7351  5.57542
7361  5.96248
7371  11.6699
7381  4.2002
7391  8.13882
7401  5.84983
7411  7.34065
7421  9.76341
7431  7.52235
7441  8.07422
7451  1.42679
7461  3.03842
7471  5.05019
7481  5.91713
7491  5.93286
7501  3.39919
7511  3.9527
7521  2.16386
7531  4.01489
7541  2.11543
7551  2.02313
7561  1.72554
7571  4.92977
7581  1.89273
7591  3.6932
7601  2.25481
7611  3.84642
7621  2.6916
7631  5.34625
7641  3.79491
7651  3.10962
7661  2.52658
7671  4.06062
7681  2.42602
7691  1.54297
7701  5.73417
7711  9.59367
7721  2.89908
7731  7.77555
7741  3.25269
7751  5.31375
7761  1.90815
7771  1.84876
7781  8.35024
7791  3.56829
7801  5.37448
7811  10.0672
7821  4.91592
7831  3.46898
7841  3.5459
7851  5.6434
7861  2.12482
7871  3.42845
7881  1.40367
7891  5.19094
7901  4.16979
7911  2.83386
7921  4.33981
7931  1.31233
7941  3.68318
7951  4.89638
7961  7.37669
7971  4.93953
7981  1.32135
7991  6.73404
8001  3.78835
8011  6.79302
8021  6.85825
8031  3.77542
8041  0.745819
8051  2.9668
8061  4.57939
8071  6.52957
8081  2.7509
8091  8.05963
8101  5.25613
8111  8.94091
8121  4.41461
8131  1.78029
8141  7.02148
8151  3.36623
8161  1.70938
8171  4.14104
8181  5.22746
8191  10.5067
8201  4.29661
8211  6.10456
8221  3.28081
8231  4.97141
8241  4.1702
8251  5.39348
8261  5.3056
8271  4.90427
8281  9.62647
8291  2.97048
8301  4.04066
8311  3.67742
8321  2.52784
8331  8.55997
8341  4.45565
8351  4.79028
8361  5.92359
8371  8.68136
8381  5.19688
8391  9.80574
8401  6.06322
8411  6.27486
8421  4.63946
8431  4.01499
8441  8.3094
8451  5.39647
8461  7.86881
8471  3.25873
8481  6.81469
8491  3.51906
8501  5.97463
8511  3.28369
8521  9.97195
8531  2.55648
8541  3.91475
8551  2.78632
8561  7.72347
8571  5.73126
8581  4.51824
8591  2.66562
8601  2.92
8611  2.2989
8621  3.46519
8631  5.50034
8641  2.85804
8651  9.7565
8661  2.35177
8671  4.48583
8681  7.65594
8691  4.97817
8701  1.72193
8711  3.09604
8721  3.68156
8731  4.81351
8741  6.54524
8751  2.54525
8761  4.00956
8771  3.84588
8781  3.97487
8791  2.769
8801  3.35551
8811  8.00933
8821  3.76019
8831  12.5807
8841  4.49138
8851  1.98666
8861  3.87099
8871  8.36278
8881  9.20527
8891  4.10408
8901  2.38475
8911  6.48088
8921  2.7747
8931  3.06027
8941  4.13178
8951  4.37645
8961  2.23267
8971  7.46849
8981  2.87797
8991  4.89256
9001  6.79141
9011  5.09146
9021  5.13575
9031  6.77883
9041  3.7397
9051  2.00929
9061  6.7377
9071  1.46177
9081  2.21956
9091  5.96898
9101  7.00019
9111  1.50599
9121  4.26168
9131  4.01904
9141  4.03654
9151  4.26661
9161  7.35478
9171  2.47761
9181  7.51054
9191  6.9825
9201  5.91659
9211  2.55884
9221  3.91979
9231  5.04884
9241  6.52758
9251  4.61666
9261  4.29166
9271  5.05331
9281  8.88041
9291  5.66074
9301  4.57951
9311  9.14049
9321  0.539226
9331  6.06944
9341  7.41399
9351  5.19438
9361  9.32196
9371  4.91479
9381  9.60082
9391  5.03732
9401  10.364
9411  2.10225
9421  9.21636
9431  3.7678
9441  4.98823
9451  2.91765
9461  4.71225
9471  6.33462
9481  3.76959
9491  3.98003
9501  7.67275
9511  4.45491
9521  3.83779
9531  6.51757
9541  4.58573
9551  2.48564
9561  6.70829
9571  4.79671
9581  5.47144
9591  4.03362
9601  6.31807
9611  5.14193
9621  2.79077
9631  4.2009
9641  3.35199
9651  6.31417
9661  13.0211
9671  5.01937
9681  4.93969
9691  3.42987
9701  4.42118
9711  7.16922
9721  1.28067
9731  2.76769
9741  4.348
9751  6.93965
9761  5.64747
9771  6.19227
9781  5.12635
9791  6.72835
9801  12.5426
9811  7.11665
9821  4.2179
9831  2.89222
9841  4.4666
9851  2.64943
9861  5.82947
9871  10.1515
9881  4.66815
9891  8.76961
9901  11.2818
9911  3.31972
9921  4.46622
9931  6.91766
9941  4.91345
9951  4.32451
9961  7.19114
9971  4.70782
9981  5.72173
9991  7.2253
10001  5.45397
10011  5.36119
10021  4.40593
10031  5.56335
10041  5.65714
10051  4.9778
10061  2.99053
10071  4.13916
10081  6.65296
10091  5.17671
10101  3.88739
10111  2.11587
10121  8.24535
10131  2.48046
10141  3.31763
10151  2.56842
10161  3.88988
10171  3.25766
10181  7.92332
10191  3.64198
10201  1.40631
10211  3.38077
10221  1.91533
10231  5.0534
10241  5.02273
10251  2.86598
10261  4.99636
10271  12.1849
10281  3.22244
10291  8.49039
10301  2.48994
10311  9.49035
10321  5.39825
10331  6.82997
10341  11.1984
10351  6.40807
10361  2.7976
10371  2.63291
10381  1.67779
10391  4.19973
10401  1.53071
10411  2.87543
10421  1.84327
10431  2.23626
10441  3.0418
10451  6.01085
10461  2.17136
10471  4.95323
10481  6.63674
10491  5.2563
10501  5.78813
10511  3.08017
10521  4.02269
10531  4.16374
10541  3.83937
10551  4.64997
10561  3.57824
10571  4.63717
10581  1.72343
10591  5.85228
10601  8.68294
10611  7.0193
10621  3.29994
10631  4.98946
10641  2.15198
10651  8.68995
10661  6.06665
10671  2.65428
10681  4.34396
10691  5.50904
10701  4.06621
10711  2.9398
10721  4.48794
10731  2.17622
10741  4.21523
10751  2.89455
10761  2.65807
10771  2.28825
10781  5.25526
10791  3.75034
10801  5.46285
10811  3.21692
10821  4.6749
10831  2.01877
10841  6.05471
10851  4.66597
10861  2.76506
10871  4.6249
10881  6.73334
10891  5.40526
10901  7.97445
10911  9.59613
10921  6.05253
10931  4.97553
10941  5.68582
10951  3.49258
10961  6.13205
10971  8.68792
10981  5.36368
10991  3.72383
