1001  3.59779
1011  5.5725
1021  5.33037
1031  7.0562
1041  5.15227
1051  8.1872
1061  3.05547
1071  2.83569
1081  6.04491
1091  5.77953
1101  6.40221
1111  9.25854
1121  4.98686
1131  2.01249
1141  4.41053
1151  7.13708
1161  4.74236
1171  8.08954
1181  4.12015
1191  6.39041
1201  5.6665
1211  2.132
1221  6.5076
1231  2.76045
1241  4.71784
1251  5.215
1261  4.22793
1271  1.74044
1281  8.13859
1291  2.2483
1301  3.38803
1311  4.55301
1321  7.35812
1331  5.75972
1341  3.89188
1351  7.34105
1361  6.79903
1371  2.20863
1381  3.81196
1391  2.52311
1401  6.68371
1411  2.87338
1421  2.45869
1431  4.74745
1441  1.68558
1451  3.87801
1461  5.16376
1471  2.44707
1481  5.48223
1491  7.34901
1501  6.94073
1511  3.43384
1521  6.95151
1531  7.91599
1541  7.90718
1551  3.9841
1561  5.05533
1571  4.16012
1581  3.26513
1591  5.3412
1601  6.53426
1611  6.18961
1621  3.69964
1631  4.93957
1641  5.86606
1651  7.2538
1661  7.02862
1671  2.66085
1681  1.68561
1691  5.50644
1701  5.04478
1711  7.16211
1721  5.16582
1731  2.73738
1741  4.39005
1751  3.76252
1761  4.20078
1771  4.82624
1781  11.8542
1791  3.3695
1801  2.53903
1811  2.04558
1821  8.4939
1831  3.34098
1841  6.81741
1851  4.13587
1861  8.58324
1871  4.81489
1881  7.48368
1891  5.43051
1901  3.67172
1911  3.09804
1921  1.88478
1931  5.73293
1941  1.84188
1951  5.24264
1961  5.66305
1971  1.79276
1981  1.07267
1991  6.46875
2001  3.52363
2011  4.35815
2021  5.74402
2031  3.15699
2041  3.36505
2051  5.81335
2061  3.52086
2071  3.97368
2081  5.39765
2091  4.12501
2101  2.91449
2111  9.47815
2121  2.92333
2131  5.71891
2141  6.26814
2151  4.8248
2161  1.61806
2171  2.81932
2181  4.28813
2191  2.52419
2201  8.80386
2211  3.00307
2221  3.87588
2231  6.36627
2241  2.12731
2251  7.22676
2261  6.84272
2271  3.65206
2281  2.89162
2291  11.376
2301  5.22917
2311  6.02273
2321  4.10122
2331  1.69423
2341  5.02997
2351  3.26098
2361  2.76102
2371  5.4064
2381  4.2905
2391  3.03762
2401  7.15599
2411  3.05778
2421  2.95503
2431  3.02208
2441  5.96442
2451  4.20393
2461  5.33349
2471  3.50542
2481  3.46264
2491  7.41173
2501  6.41523
2511  6.26762
2521  7.1242
2531  6.57439
2541  6.46956
2551  2.02059
2561  3.56301
2571  1.05502
2581  6.23329
2591  4.39556
2601  4.15089
2611  5.42526
2621  3.14191
2631  8.60588
2641  4.78965
2651  3.48362
2661  5.94424
2671  1.82835
2681  8.43305
2691  4.43145
2701  4.28206
2711  6.36959
2721  1.48602
2731  2.96954
2741  5.93604
2751  2.93133
2761  5.71423
2771  4.78789
2781  4.89709
2791  6.97262
2801  4.76738
2811  3.77551
2821  5.66371
2831  1.98806
2841  3.14907
2851  3.63388
2861  5.5205
2871  2.98843
2881  2.71892
2891  3.82527
2901  1.91828
2911  6.38404
2921  2.63103
2931  1.65646
2941  5.9852
2951  4.94493
2961  2.35021
2971  6.9875
2981  3.19438
2991  3.63013
3001  6.34935
3011  2.48473
3021  1.86752
3031  8.54282
3041  6.72553
3051  3.76734
3061  3.76231
3071  2.95119
3081  1.88645
3091  5.24056
3101  3.58564
3111  6.22341
3121  3.24174
3131  5.33065
3141  4.5767
3151  2.72805
3161  4.39869
3171  4.2784
3181  3.81876
3191  3.2286
3201  7.6666
3211  5.79687
3221  4.41017
3231  7.58761
3241  3.8878
3251  6.30899
3261  9.40078
3271  6.51934
3281  3.69554
3291  5.57634
3301  2.66154
3311  3.76691
3321  3.45117
3331  3.66467
3341  4.702
3351  8.22718
3361  2.06896
3371  5.00551
3381  3.02682
3391  8.78293
3401  4.39961
3411  1.97153
3421  5.32565
3431  6.09595
3441  2.92882
3451  2.92282
3461  5.43245
3471  5.10279
3481  5.92033
3491  2.90803
3501  4.65114
3511  9.41921
3521  3.72418
3531  6.0572
3541  12.7421
3551  2.64016
3561  3.60679
3571  7.50243
3581  9.10246
3591  5.00468
3601  6.75667
3611  7.00716
3621  8.48001
3631  3.83331
3641  3.65196
3651  8.50386
3661  6.32408
3671  5.08874
3681  9.87432
3691  3.49507
3701  2.59484
3711  5.22105
3721  1.724
3731  5.80635
3741  7.1941
3751  3.45412
3761  9.12078
3771  3.92466
3781  4.18563
3791  6.5811
3801  3.77175
3811  7.27127
3821  3.79243
3831  5.5515
3841  1.93816
3851  3.2721
3861  11.7133
3871  1.37215
3881  6.49136
3891  4.74788
3901  4.94961
3911  10.3382
3921  4.22654
3931  4.47559
3941  3.25246
3951  6.79893
3961  5.99819
3971  2.28984
3981  6.04382
3991  4.38757
4001  1.55376
4011  4.68873
4021  3.48799
4031  6.34152
4041  2.52329
4051  2.96371
4061  7.25231
4071  4.3443
4081  5.07685
4091  4.74132
4101  9.44657
4111  2.3645
4121  2.48914
4131  8.43151
4141  3.20941
4151  5.30517
4161  3.75812
4171  2.8137
4181  4.472
4191  12.3459
4201  3.22799
4211  6.62123
4221  1.5088
4231  5.34396
4241  1.67583
4251  2.79856
4261  3.98354
4271  3.22373
4281  5.76559
4291  2.38373
4301  1.3646
4311  11.0499
4321  4.1196
4331  6.66881
4341  2.42883
4351  5.26346
4361  5.28034
4371  7.5315
4381  2.97771
4391  5.47618
4401  6.89831
4411  5.68566
4421  5.64084
4431  1.34279
4441  5.47962
4451  3.0867
4461  3.32081
4471  9.1327
4481  6.4757
4491  7.00075
4501  4.84428
4511  2.85573
4521  5.67097
4531  2.78188
4541  5.33872
4551  3.54396
4561  6.0941
4571  4.92239
4581  6.77599
4591  2.97569
4601  8.84096
4611  4.78354
4621  5.18809
4631  3.45521
4641  4.06922
4651  6.67861
4661  6.26397
4671  4.45838
4681  7.36969
4691  6.87487
4701  4.2342
4711  4.436
4721  5.42893
4731  3.20249
4741  5.70131
4751  4.59483
4761  5.08439
4771  3.62673
4781  1.40601
4791  4.72687
4801  4.81605
4811  3.09526
4821  2.2346
4831  3.36053
4841  9.61547
4851  4.77826
4861  1.75507
4871  3.77159
4881  4.51835
4891  8.80915
4901  7.09112
4911  2.49152
4921  5.77761
4931  3.13625
4941  6.82612
4951  7.43607
4961  2.23698
4971  3.52274
4981  2.90775
4991  4.44752
5001  4.29855
5011  4.91546
5021  4.70619
5031  5.67073
5041  3.88512
5051  2.68037
5061  5.4578
5071  1.53991
5081  5.89554
5091  8.89251
5101  5.15966
5111  4.15424
5121  4.13727
5131  7.85933
5141  6.97131
5151  2.98092
5161  6.24271
5171  7.73642
5181  4.69737
5191  3.75181
5201  4.88791
5211  1.57616
5221  5.41659
5231  4.10143
5241  6.49596
5251  5.28816
5261  5.94509
5271  4.06895
5281  4.09969
5291  3.97565
5301  6.08778
5311  4.07433
5321  3.716
5331  5.09151
5341  6.41963
5351  3.96281
5361  3.9515
5371  4.38009
5381  4.34229
5391  5.93084
5401  2.28012
5411  2.41672
5421  8.56911
5431  8.18803
5441  5.06768
5451  4.73188
5461  10.7468
5471  3.67945
5481  7.11845
5491  3.10186
5501  5.92579
5511  3.92327
5521  5.41012
5531  3.48774
5541  1.71075
5551  4.01402
5561  6.31798
5571  5.91138
5581  5.19391
5591  3.07668
5601  6.95613
5611  5.7959
5621  7.3726
5631  7.27181
5641  2.25411
5651  6.12472
5661  3.96797
5671  3.52118
5681  3.78104
5691  2.79936
5701  13.3999
5711  10.2771
5721  2.68452
5731  4.81178
5741  4.45271
5751  15.7819
5761  5.04308
5771  5.60852
5781  5.04699
5791  6.40238
5801  2.97947
5811  3.4589
5821  9.73749
5831  7.01207
5841  4.66463
5851  4.09962
5861  3.95232
5871  1.67016
5881  9.16128
5891  5.44529
5901  4.30574
5911  5.15117
5921  1.89671
5931  7.17509
5941  5.27413
5951  3.69174
5961  6.70866
5971  5.37008
5981  8.52288
5991  3.23151
6001  3.16497
6011  2.90575
6021  6.80739
6031  4.65425
6041  4.49292
6051  4.09622
6061  3.57544
6071  4.11357
6081  4.0585
6091  1.35355
6101  2.87609
6111  2.09099
6121  2.27175
6131  3.67439
6141  6.49022
6151  3.8442
6161  4.0708
6171  4.87504
6181  3.45912
6191  4.12725
6201  4.4579
6211  5.813
6221  6.83824
6231  3.41631
6241  8.80852
6251  1.47269
6261  3.17465
6271  6.7886
6281  2.55201
6291  4.91265
6301  3.39795
6311  1.99943
6321  2.70586
6331  3.30906
6341  2.65875
6351  9.0336
6361  6.85646
6371  4.2633
6381  3.69633
6391  6.85223
6401  3.37138
6411  6.15719
6421  4.18993
6431  5.19091
6441  5.477
6451  3.88326
6461  6.73411
6471  2.72688
6481  5.76575
6491  4.30101
6501  5.16521
6511  5.97913
6521  5.77221
6531  3.98028
6541  8.342
6551  9.20423
6561  3.75004
6571  2.02255
6581  2.4457
6591  6.8064
6601  5.02843
6611  2.75801
6621  5.17436
6631  1.58571
6641  3.85174
6651  3.92594
6661  3.70425
6671  2.8234
6681  4.69846
6691  3.11976
6701  8.05157
6711  4.74136
6721  7.77796
6731  2.00606
6741  3.718
6751  4.31749
6761  6.16465
6771  3.86011
6781  5.39859
6791  9.83807
6801  5.37613
6811  2.09316
6821  5.36268
6831  4.81005
6841  5.38687
6851  5.97621
6861  5.47657
6871  8.82801
6881  3.67466
6891  4.55436
6901  2.30425
6911  3.19455
6921  3.16223
6931  4.1823
6941  7.40645
6951  3.58191
6961  5.94947
6971  0.904794
6981  4.11729
6991  7.57842
7001  6.97924
7011  4.57199
7021  7.55614
7031  3.8346
7041  5.10799
7051  0.747087
7061  6.04698
7071  2.10596
7081  3.67961
7091  4.30623
7101  5.901
7111  4.87193
7121  7.11432
7131  4.20719
7141  2.76351
7151  6.94542
7161  3.72616
7171  5.70272
7181  3.57491
7191  3.25601
7201  3.71542
7211  9.31837
7221  2.06058
7231  6.44693
7241  3.69218
7251  1.18221
7261  5.22572
7271  4.49929
7281  5.44929
7291  8.44619
7301  2.29222
7311  5.31419
7321  2.63031
7331  1.96597
7341  5.12725
7351  9.02854
7361  5.30305
7371  4.91391
7381  3.86485
7391  5.54053
7401  2.3943
7411  4.69698
7421  7.80446
7431  4.56538
7441  4.72192
7451  1.70562
7461  5.12861
7471  6.34536
7481  4.98953
7491  5.45707
7501  3.94259
7511  3.13569
7521  8.84154
7531  6.04712
7541  4.65471
7551  5.00477
7561  6.96578
7571  7.37059
7581  3.82819
7591  6.44071
7601  7.82594
7611  4.03126
7621  2.58518
7631  4.06823
7641  10.727
7651  7.34781
7661  4.13087
7671  3.84964
7681  2.66714
7691  6.87475
7701  4.45939
7711  4.42739
7721  5.4241
7731  6.56257
7741  4.59546
7751  3.3585
7761  6.98228
7771  1.62782
7781  10.9585
7791  1.65523
7801  7.39261
7811  4.69259
7821  4.36249
7831  1.67259
7841  9.07517
7851  8.34672
7861  2.86767
7871  2.4442
7881  4.21425
7891  4.98463
7901  5.92538
7911  7.83961
7921  3.90289
7931  3.81362
7941  5.22753
7951  2.99762
7961  5.28292
7971  3.06597
7981  7.03365
7991  2.85122
8001  5.95974
8011  4.6192
8021  6.30132
8031  13.6585
8041  3.9132
8051  6.82267
8061  3.04503
8071  1.73003
8081  3.20216
8091  4.57937
8101  9.29803
8111  6.0448
8121  4.21332
8131  4.36994
8141  3.38473
8151  7.42001
8161  5.89575
8171  5.54374
8181  3.35172
8191  9.83746
8201  4.98213
8211  5.90845
8221  6.68186
8231  5.7741
8241  5.8178
8251  3.70185
8261  4.20958
8271  4.08418
8281  7.30381
8291  3.2955
8301  5.29125
8311  4.08464
8321  3.8826
8331  1.64966
8341  2.77949
8351  6.05503
8361  2.88184
8371  2.54832
8381  4.62065
8391  7.58174
8401  1.20559
8411  5.40199
8421  2.63683
8431  10.0876
8441  4.44038
8451  8.96722
8461  5.90011
8471  6.7455
8481  5.89474
8491  8.96556
8501  2.88316
8511  6.52025
8521  3.19851
8531  3.57462
8541  3.61672
8551  9.45495
8561  6.71187
8571  6.57272
8581  8.55274
8591  0.771908
8601  7.47454
8611  5.49126
8621  2.9298
8631  2.19445
8641  6.69452
8651  4.9383
8661  4.69949
8671  4.09777
8681  8.67645
8691  6.84545
8701  5.92486
8711  6.08953
8721  9.52732
8731  5.82994
8741  2.39254
8751  4.37817
8761  4.67491
8771  4.81894
8781  1.80189
8791  4.10754
8801  1.8303
8811  4.71907
8821  6.91177
8831  1.43605
8841  1.7613
8851  8.29356
8861  5.9778
8871  8.27355
8881  6.28166
8891  4.82604
8901  6.24475
8911  5.26398
8921  4.9033
8931  3.54492
8941  4.36296
8951  1.48879
8961  2.00819
8971  10.5787
8981  2.9648
8991  1.16066
9001  3.38295
9011  4.03252
9021  10.7362
9031  4.31379
9041  2.88236
9051  8.28918
9061  4.51318
9071  1.57766
9081  3.90511
9091  7.772
9101  4.25422
9111  3.30914
9121  4.80184
9131  7.68742
9141  3.81323
9151  9.4355
9161  2.68658
9171  6.41267
9181  3.29092
9191  2.70609
9201  9.66451
9211  2.48246
9221  5.88761
9231  2.37797
9241  3.85534
9251  4.26601
9261  6.19229
9271  4.7623
9281  6.56084
9291  2.88847
9301  2.47408
9311  2.82232
9321  9.68555
9331  3.34067
9341  8.98982
9351  4.44371
9361  1.7351
9371  4.16789
9381  2.09018
9391  3.29767
9401  2.75714
9411  4.45692
9421  3.48224
9431  5.00505
9441  3.80192
9451  5.79546
9461  2.1584
9471  3.66529
9481  4.28311
9491  4.0702
9501  5.11982
9511  2.54593
9521  6.58712
9531  4.59955
9541  3.32729
9551  6.87385
9561  3.93693
9571  3.1474
9581  6.13914
9591  3.89229
9601  4.15864
9611  2.69438
9621  5.02477
9631  2.42486
9641  4.41283
9651  3.34292
9661  7.60031
9671  4.88225
9681  4.91909
9691  5.54538
9701  4.72259
9711  5.68778
9721  5.85412
9731  8.79737
9741  6.25527
9751  4.19201
9761  3.65187
9771  6.29393
9781  4.54103
9791  5.98
9801  2.59066
9811  3.09774
9821  5.39595
9831  1.52416
9841  9.3799
9851  6.12069
9861  4.38022
9871  13.3263
9881  5.24866
9891  4.27971
9901  6.7514
9911  5.45011
9921  13.1379
9931  2.61534
9941  7.40097
9951  1.7863
9961  6.75354
9971  6.54057
9981  6.57777
9991  3.17035
10001  4.76973
10011  4.16068
10021  8.54244
10031  2.98154
10041  2.88637
10051  6.01782
10061  3.05818
10071  2.96914
10081  2.33754
10091  3.33895
10101  7.63597
10111  5.53767
10121  4.07936
10131  4.47989
10141  3.56139
10151  5.17446
10161  4.6501
10171  3.86032
10181  6.62258
10191  4.40801
10201  3.82652
10211  2.8885
10221  5.20497
10231  2.75647
10241  5.16154
10251  3.40905
10261  3.28464
10271  6.95621
10281  7.20741
10291  4.64277
10301  4.43855
10311  4.64781
10321  4.10834
10331  1.93354
10341  3.7253
10351  5.92211
10361  4.12682
10371  6.05607
10381  3.22854
10391  3.1941
10401  8.63247
10411  5.75228
10421  2.67458
10431  3.37384
10441  4.32503
10451  4.08087
10461  6.54118
10471  6.05157
10481  2.56989
10491  7.64896
10501  4.94037
10511  6.72868
10521  7.42827
10531  3.97956
10541  5.93412
10551  3.05864
10561  4.50927
10571  3.95103
10581  5.11203
10591  5.9744
10601  6.08138
10611  4.44394
10621  3.20259
10631  6.34146
10641  5.6918
10651  8.46186
10661  2.08169
10671  2.72519
10681  3.07238
10691  3.42816
10701  4.99932
10711  6.93391
10721  4.57808
10731  2.21051
10741  10.7837
10751  4.49317
10761  3.18505
10771  8.16295
10781  1.81272
10791  2.7481
10801  3.11433
10811  3.85396
10821  7.14741
10831  4.60253
10841  4.7194
10851  1.69318
10861  4.28023
10871  1.90905
10881  6.2587
10891  6.64181
10901  3.5257
10911  4.20336
10921  3.24344
10931  4.42605
10941  2.17852
10951  3.31387
10961  1.39335
10971  6.70453
10981  4.20821
10991  5.81589
