1001  3.57724e+06
1011  3.55681e+06
1021  3.53079e+06
1031  3.50207e+06
1041  3.473e+06
1051  3.45687e+06
1061  3.42304e+06
1071  3.38961e+06
1081  3.37158e+06
1091  3.35391e+06
1101  3.32451e+06
1111  3.29303e+06
1121  3.26301e+06
1131  3.24421e+06
1141  3.22501e+06
1151  3.18834e+06
1161  3.1728e+06
1171  3.1336e+06
1181  3.1062e+06
1191  3.08737e+06
1201  3.06569e+06
1211  3.04227e+06
1221  3.01993e+06
1231  3.00509e+06
1241  2.98081e+06
1251  2.95154e+06
1261  2.92042e+06
1271  2.89481e+06
1281  2.87067e+06
1291  2.86392e+06
1301  2.83804e+06
1311  2.8184e+06
1321  2.78884e+06
1331  2.76808e+06
1341  2.74657e+06
1351  2.70787e+06
1361  2.68252e+06
1371  2.66205e+06
1381  2.62886e+06
1391  2.60052e+06
1401  2.57756e+06
1411  2.55385e+06
1421  2.52887e+06
1431  2.51513e+06
1441  2.4914e+06
1451  2.46501e+06
1461  2.44398e+06
1471  2.42549e+06
1481  2.40452e+06
1491  2.37689e+06
1501  2.36019e+06
1511  2.32839e+06
1521  2.29936e+06
1531  2.26619e+06
1541  2.23037e+06
1551  2.21132e+06
1561  2.19012e+06
1571  2.1548e+06
1581  2.1255e+06
1591  2.11169e+06
1601  2.0841e+06
1611  2.06396e+06
1621  2.04314e+06
1631  2.00907e+06
1641  1.981e+06
1651  1.95315e+06
1661  1.92547e+06
1671  1.90347e+06
1681  1.87099e+06
1691  1.84327e+06
1701  1.81854e+06
1711  1.79324e+06
1721  1.77804e+06
1731  1.75734e+06
1741  1.73635e+06
1751  1.70445e+06
1761  1.68487e+06
1771  1.66722e+06
1781  1.63735e+06
1791  1.60411e+06
1801  1.58571e+06
1811  1.56185e+06
1821  1.54566e+06
1831  1.52951e+06
1841  1.50038e+06
1851  1.47566e+06
1861  1.46134e+06
1871  1.44327e+06
1881  1.40963e+06
1891  1.38404e+06
1901  1.35044e+06
1911  1.33466e+06
1921  1.29822e+06
1931  1.26575e+06
1941  1.24314e+06
1951  1.2184e+06
1961  1.18531e+06
1971  1.16676e+06
1981  1.13689e+06
1991  1.11025e+06
2001  1.09321e+06
2011  1.07766e+06
2021  1.05701e+06
2031  1.04024e+06
2041  1.00391e+06
2051  985538
2061  961747
2071  936076
2081  907573
2091  888810
2101  852933
2111  828207
2121  811005
2131  796714
2141  776551
2151  748853
2161  731451
2171  711351
2181  692901
2191  670246
2201  650822
2211  620491
2221  591401
2231  566059
2241  542199
2251  507148
2261  476046
2271  457177
2281  427335
2291  402115
2301  379338
2311  345816
2321  331120
2331  303497
2341  277911
2351  262090
2361  239278
2371  207075
2381  183001
2391  155035
2401  133713
2411  104652
2421  83395.8
2431  49401.6
2441  20111.3
2451  6.58169
2461  7.65789
2471  3.47382
2481  3.39471
2491  5.58693
2501  5.41167
2511  6.0592
2521  6.47335
2531  6.36005
2541  6.44415
2551  6.56799
2561  8.58808
2571  10.0397
2581  8.67779
2591  6.00416
2601  5.96455
2611  6.05815
2621  6.10598
2631  7.3535
2641  5.75898
2651  3.31624
2661  7.2242
2671  6.84944
2681  5.93228
2691  3.01162
2701  8.07088
2711  5.64104
2721  4.45171
2731  3.21152
2741  6.98365
2751  6.97294
2761  5.80883
2771  5.84887
2781  5.99435
2791  5.1469
2801  9.05046
2811  7.23705
2821  6.78165
2831  6.26342
2841  6.65128
2851  6.32972
2861  7.55809
2871  5.77356
2881  7.39056
2891  8.16502
2901  6.42698
2911  6.42659
2921  6.01497
2931  5.5695
2941  5.04804
2951  8.10963
2961  3.94458
2971  5.50275
2981  8.54553
2991  5.10225
3001  8.4978
3011  8.11842
3021  5.96542
3031  7.1635
3041  3.93301
3051  5.80997
3061  9.28774
3071  4.85161
3081  6.29822
3091  6.90815
3101  7.63146
3111  7.28383
3121  6.68036
3131  5.16165
3141  4.4921
3151  6.53816
3161  7.99105
3171  7.05538
3181  7.5595
3191  6.09848
3201  3.21401
3211  7.28093
3221  6.68716
3231  6.46131
3241  4.8398
3251  6.89441
3261  6.86802
3271  6.40573
3281  3.9246
3291  10.5332
3301  6.05883
3311  11.0577
3321  7.84397
3331  6.85559
3341  5.57189
3351  7.46168
3361  4.74393
3371  5.26383
3381  4.93233
3391  4.45532
3401  4.38582
3411  6.11636
3421  4.52744
3431  6.87428
3441  3.08
3451  6.69878
3461  6.99355
3471  6.10101
3481  5.06568
3491  5.2912
3501  3.58993
3511  8.14395
3521  7.69547
3531  4.88161
3541  10.4127
3551  6.5824
3561  7.66972
3571  6.47709
3581  4.84623
3591  6.85539
3601  8.72347
3611  6.20833
3621  4.00114
3631  8.71415
3641  4.97135
3651  4.74972
3661  7.66434
3671  5.47009
3681  8.74515
3691  8.37907
3701  3.58851
3711  5.05008
3721  4.60218
3731  7.73701
3741  6.25607
3751  8.7027
3761  4.31815
3771  11.3053
3781  9.04923
3791  7.71677
3801  8.18328
3811  7.86499
3821  4.62032
3831  6.27372
3841  4.42168
3851  5.27981
3861  7.36745
3871  6.69946
3881  5.42243
3891  7.2066
3901  5.81449
3911  7.65432
3921  10.161
3931  5.95388
3941  6.38635
3951  8.69684
3961  6.02593
3971  7.74788
3981  7.10066
3991  7.32348
4001  5.43874
4011  6.15441
4021  6.5633
4031  6.7296
4041  7.06948
4051  8.76032
4061  4.72352
4071  7.65966
4081  6.0358
4091  5.71049
4101  6.19713
4111  8.04236
4121  8.60796
4131  8.38081
4141  8.39874
4151  9.06582
4161  6.2859
4171  5.06325
4181  6.24783
4191  3.87934
4201  6.47245
4211  4.09716
4221  9.84535
4231  10.4038
4241  5.39124
4251  6.49775
4261  6.50185
4271  7.03242
4281  2.56282
4291  5.93253
4301  8.44707
4311  9.50309
4321  5.22854
4331  6.14733
4341  7.17209
4351  8.00171
4361  5.99631
4371  5.96385
4381  7.15002
4391  4.57092
4401  7.83989
4411  6.10286
4421  5.7549
4431  5.69384
4441  6.01052
4451  7.77682
4461  6.39981
4471  5.40013
4481  6.26982
4491  5.25926
4501  7.32858
4511  5.38212
4521  7.34802
4531  5.36332
4541  5.62191
4551  4.90559
4561  7.15631
4571  4.16152
4581  2.45648
4591  5.36552
4601  6.41004
4611  7.86837
4621  13.303
4631  4.96182
4641  5.3537
4651  6.10497
4661  5.40546
4671  4.66674
4681  4.07042
4691  5.94112
4701  7.13681
4711  6.30058
4721  7.39401
4731  7.73736
4741  6.25384
4751  6.41652
4761  8.84727
4771  10.2242
4781  6.22775
4791  4.10496
4801  8.98293
4811  7.95198
4821  7.90033
4831  6.98219
4841  6.41501
4851  9.49638
4861  5.47715
4871  4.64377
4881  6.81917
4891  8.93654
4901  9.83909
4911  6.9
4921  6.03384
4931  8.74428
4941  7.56759
4951  6.18076
4961  6.5753
4971  8.45629
4981  3.28523
4991  6.16533
5001  6.82199
5011  6.2315
5021  7.54568
5031  5.76436
5041  4.19217
5051  6.29161
5061  6.67252
5071  4.02201
5081  6.74977
5091  6.043
5101  8.59541
5111  6.48749
5121  8.88763
5131  7.07721
5141  6.03183
5151  6.27824
5161  3.64164
5171  6.09704
5181  4.84375
5191  4.75333
5201  4.50904
5211  7.47595
5221  5.3286
5231  8.10715
5241  6.23221
5251  7.87974
5261  5.11897
5271  8.78038
5281  8.67783
5291  6.51236
5301  10.4973
5311  7.68658
5321  7.85071
5331  4.87946
5341  7.77847
5351  3.85894
5361  5.26455
5371  6.27644
5381  5.32635
5391  7.29613
5401  7.52655
5411  3.73494
5421  4.67105
5431  5.65329
5441  3.77119
5451  7.54757
5461  4.4482
5471  6.52248
5481  4.11039
5491  6.46058
5501  8.23186
5511  7.64032
5521  7.13588
5531  9.10832
5541  3.53066
5551  4.03574
5561  7.67754
5571  5.86922
5581  5.94038
5591  6.33379
5601  9.79641
5611  5.9755
5621  8.02017
5631  7.1554
5641  6.73808
5651  8.96372
5661  8.1083
5671  3.77479
5681  8.29518
5691  4.65112
5701  8.07125
5711  5.96849
5721  6.57251
5731  10.596
5741  6.97572
5751  4.48561
5761  7.38293
5771  8.34896
5781  9.72087
5791  4.26368
5801  8.00031
5811  6.0969
5821  7.34476
5831  5.58373
5841  8.96637
5851  7.4291
5861  5.47938
5871  7.16668
5881  5.37334
5891  6.40552
5901  3.87205
5911  3.64829
5921  5.46626
5931  5.81264
5941  5.1825
5951  6.88646
5961  6.29644
5971  7.62022
5981  8.39414
5991  10.0978
6001  7.38462
6011  4.8932
6021  3.97016
6031  4.63794
6041  10.2509
6051  8.3929
6061  6.09448
6071  6.19428
6081  5.10829
6091  6.83082
6101  4.2797
6111  4.13233
6121  7.21372
6131  6.70799
6141  6.35735
6151  4.4053
6161  5.52972
6171  5.77258
6181  7.8449
6191  5.49543
6201  10.4868
6211  7.81982
6221  4.55046
6231  5.24167
6241  3.19545
6251  7.1755
6261  7.72578
6271  5.86781
6281  6.27896
6291  8.61659
6301  4.5714
6311  7.16305
6321  3.77592
6331  4.2151
6341  6.05507
6351  6.23687
6361  8.0182
6371  6.8369
6381  6.02293
6391  8.03307
6401  7.03941
6411  5.77679
6421  8.94239
6431  6.41937
6441  5.6143
6451  8.5484
6461  9.75295
6471  8.80124
6481  7.70376
6491  4.64277
6501  4.99311
6511  5.23443
6521  6.25712
6531  5.18123
6541  4.32024
6551  5.51274
6561  7.03735
6571  5.72387
6581  8.1655
6591  6.75452
6601  6.70095
6611  7.12981
6621  7.47999
6631  7.80326
6641  6.55613
6651  5.14438
6661  2.97039
6671  6.14384
6681  7.30793
6691  5.59531
6701  5.88678
6711  6.66867
6721  6.36268
6731  7.64215
6741  5.83938
6751  6.13697
6761  6.64784
6771  7.69601
6781  4.17332
6791  3.84078
6801  6.10983
6811  6.16568
6821  6.9383
6831  7.17962
6841  5.55396
6851  7.64585
6861  9.89321
6871  6.81953
6881  6.96262
6891  4.57679
6901  6.28973
6911  9.33663
6921  4.52911
6931  6.0577
6941  7.53943
6951  8.40748
6961  7.35588
6971  6.70399
6981  6.19882
6991  5.67882
7001  6.83634
7011  6.38569
7021  8.82129
7031  4.93717
7041  9.59858
7051  8.38595
7061  5.96347
7071  6.61596
7081  7.26209
7091  5.28177
7101  6.24868
7111  4.95351
7121  6.11445
7131  6.5194
7141  5.68848
7151  5.84605
7161  5.2442
7171  5.09746
7181  6.48507
7191  5.37699
7201  5.54199
7211  4.7489
7221  6.88262
7231  7.97893
7241  5.14605
7251  3.54376
7261  3.88891
7271  5.59457
7281  5.77204
7291  3.96351
7301  4.58471
7311  10.8321
7321  7.77933
7331  6.87209
7341  7.39606
7351  5.5463
7361  11.1708
7371  6.5931
7381  5.63091
7391  4.05595
7401  3.45522
7411  6.65485
7421  5.74921
7431  3.04714
7441  5.29752
7451  7.42035
7461  2.90089
7471  6.06717
7481  7.57115
7491  7.30316
7501  5.69188
7511  6.26134
7521  5.29417
7531  6.22733
7541  5.99411
7551  7.89417
7561  6.16655
7571  5.66298
7581  7.34456
7591  8.68844
7601  7.94218
7611  6.80099
7621  9.59759
7631  9.62633
7641  7.68994
7651  7.0519
7661  7.06857
7671  5.71509
7681  8.76758
7691  6.51891
7701  11.542
7711  8.17322
7721  6.18384
7731  5.4804
7741  5.94056
7751  5.45594
7761  5.64548
7771  4.6827
7781  2.85408
7791  3.06652
7801  8.87349
7811  6.92332
7821  4.86726
7831  5.22805
7841  7.28026
7851  5.99546
7861  6.64339
7871  6.97292
7881  4.78241
7891  8.87818
7901  4.61695
7911  10.2054
7921  5.51274
7931  4.46577
7941  4.08739
7951  4.73794
7961  6.85397
7971  5.38599
7981  3.83126
7991  9.15185
8001  7.99229
8011  8.77958
8021  5.99258
8031  7.47445
8041  3.57961
8051  4.01016
8061  7.30181
8071  8.08186
8081  5.47603
8091  5.14367
8101  8.10605
8111  5.14078
8121  4.74213
8131  6.35335
8141  3.5995
8151  8.72758
8161  6.69192
8171  3.97667
8181  8.68638
8191  7.55417
8201  6.36297
8211  6.34386
8221  9.47495
8231  4.94804
8241  8.91912
8251  4.91552
8261  7.2703
8271  5.58457
8281  3.44551
8291  5.4228
8301  5.70338
8311  7.53
8321  6.58894
8331  6.19043
8341  4.76864
8351  7.92743
8361  4.27933
8371  4.39966
8381  10.1183
8391  7.16166
8401  6.23268
8411  6.05111
8421  6.47104
8431  5.30152
8441  4.46461
8451  9.39576
8461  7.75254
8471  7.05887
8481  10.0272
8491  5.60741
8501  7.59468
8511  5.01271
8521  9.56477
8531  5.44843
8541  6.92183
8551  6.06863
8561  8.82934
8571  6.32426
8581  4.26731
8591  5.05985
8601  6.99433
8611  5.68629
8621  6.45802
8631  4.39443
8641  5.64094
8651  4.09744
8661  9.03647
8671  7.80848
8681  6.04824
8691  4.61025
8701  6.51448
8711  6.24967
8721  10.2676
8731  6.4241
8741  6.24878
8751  8.03987
8761  5.38022
8771  5.66141
8781  5.87167
8791  4.20796
8801  11.1295
8811  4.49663
8821  5.74538
8831  6.6752
8841  7.56536
8851  13.7421
8861  4.83809
8871  7.51277
8881  4.99167
8891  5.19615
8901  8.08049
8911  7.09676
8921  3.44136
8931  4.75033
8941  10.7492
8951  7.27828
8961  4.3553
8971  5.00295
8981  5.34524
8991  7.02896
9001  7.09659
9011  5.97099
9021  8.86229
9031  7.20496
9041  8.38192
9051  5.95298
9061  6.15018
9071  5.21752
9081  4.63208
9091  6.28183
9101  6.1119
9111  6.27704
9121  9.07855
9131  4.51643
9141  6.56904
9151  6.06276
9161  8.25192
9171  6.82341
9181  4.95116
9191  4.75743
9201  6.25313
9211  6.74287
9221  9.14974
9231  8.91946
9241  6.30379
9251  7.75751
9261  4.52733
9271  4.50577
9281  8.07827
9291  13.4782
9301  8.47448
9311  4.65765
9321  4.85008
9331  8.07499
9341  9.88058
9351  6.26465
9361  4.85614
9371  6.27712
9381  4.3383
9391  5.03977
9401  5.30469
9411  4.17137
9421  10.8029
9431  6.44541
9441  4.32437
9451  6.05336
9461  8.63097
9471  5.00209
9481  6.28644
9491  6.24939
9501  3.62977
9511  6.8171
9521  7.71143
9531  8.73125
9541  5.7551
9551  7.69794
9561  6.29061
9571  7.09727
9581  8.16062
9591  6.69191
9601  5.27701
9611  5.33969
9621  7.30187
9631  6.10929
9641  9.26343
9651  6.91267
9661  6.32171
9671  4.26738
9681  4.12644
9691  3.80773
9701  8.68819
9711  3.21692
9721  7.79111
9731  4.68508
9741  5.08075
9751  4.24238
9761  7.84376
9771  6.54781
9781  6.9307
9791  5.98923
9801  9.62538
9811  10.0407
9821  6.81632
9831  5.81428
9841  5.36953
9851  6.402
9861  4.43051
9871  5.89329
9881  5.48725
9891  5.32612
9901  4.18765
9911  6.66712
9921  3.95174
9931  9.63713
9941  6.09333
9951  9.18895
9961  4.63505
9971  8.56884
9981  4.90283
9991  4.37427
10001  4.03574
10011  6.92845
10021  7.75315
10031  4.10927
10041  6.13052
10051  8.6209
10061  6.89727
10071  3.72584
10081  5.91663
10091  4.21151
10101  5.22571
10111  7.1708
10121  8.82401
10131  5.6337
10141  3.82008
10151  3.99634
10161  4.04944
10171  5.3658
10181  5.52427
10191  4.84927
10201  9.0201
10211  7.30316
10221  4.2913
10231  6.61549
10241  6.33769
10251  4.7463
10261  5.52513
10271  4.68919
10281  6.54375
10291  9.00912
10301  5.47735
10311  7.36342
10321  7.27145
10331  4.75262
10341  5.41005
10351  4.1622
10361  9.75067
10371  6.44896
10381  5.62652
10391  2.35287
10401  10.3179
10411  5.069
10421  6.87049
10431  5.27325
10441  5.77464
10451  6.71574
10461  4.3327
10471  5.03556
10481  8.54917
10491  8.67349
10501  5.11628
10511  6.935
10521  9.06006
10531  7.23627
10541  3.05447
10551  5.11615
10561  5.22902
10571  5.19623
10581  7.81763
10591  5.66898
10601  5.46024
10611  7.53762
10621  4.50692
10631  7.21144
10641  4.69568
10651  8.45558
10661  4.82287
10671  6.92567
10681  4.14665
10691  6.31706
10701  5.88883
10711  6.1728
10721  6.68284
10731  2.47743
10741  5.45204
10751  4.79441
10761  6.71431
10771  4.88524
10781  7.12444
10791  5.93502
10801  8.22775
10811  6.97771
10821  7.6344
10831  4.9546
10841  6.16048
10851  4.22029
10861  6.29274
10871  5.53037
10881  2.99709
10891  5.06037
10901  7.766
10911  6.84769
10921  7.30297
10931  6.52052
10941  6.02073
10951  6.24357
10961  7.66963
10971  5.77819
10981  5.88943
10991  6.22383
