1001  3.57594e+06
1011  3.54315e+06
1021  3.51378e+06
1031  3.47517e+06
1041  3.45182e+06
1051  3.42853e+06
1061  3.40538e+06
1071  3.3774e+06
1081  3.35519e+06
1091  3.32128e+06
1101  3.29781e+06
1111  3.27426e+06
1121  3.24747e+06
1131  3.23672e+06
1141  3.21439e+06
1151  3.1745e+06
1161  3.15152e+06
1171  3.12122e+06
1181  3.09733e+06
1191  3.08043e+06
1201  3.04903e+06
1211  3.02762e+06
1221  3.00261e+06
1231  2.97718e+06
1241  2.95916e+06
1251  2.9229e+06
1261  2.91076e+06
1271  2.89497e+06
1281  2.86877e+06
1291  2.83709e+06
1301  2.80464e+06
1311  2.77383e+06
1321  2.75075e+06
1331  2.72263e+06
1341  2.69283e+06
1351  2.67094e+06
1361  2.6456e+06
1371  2.62799e+06
1381  2.60875e+06
1391  2.58621e+06
1401  2.5615e+06
1411  2.53723e+06
1421  2.51069e+06
1431  2.48965e+06
1441  2.47005e+06
1451  2.4429e+06
1461  2.4293e+06
1471  2.41159e+06
1481  2.38049e+06
1491  2.35689e+06
1501  2.33635e+06
1511  2.31967e+06
1521  2.29701e+06
1531  2.28085e+06
1541  2.26038e+06
1551  2.22807e+06
1561  2.20616e+06
1571  2.18737e+06
1581  2.1631e+06
1591  2.14061e+06
1601  2.11113e+06
1611  2.08336e+06
1621  2.06185e+06
1631  2.02471e+06
1641  1.99758e+06
1651  1.9847e+06
1661  1.96251e+06
1671  1.94422e+06
1681  1.92168e+06
1691  1.89685e+06
1701  1.8676e+06
1711  1.83542e+06
1721  1.80411e+06
1731  1.78067e+06
1741  1.75619e+06
1751  1.74565e+06
1761  1.72363e+06
1771  1.69273e+06
1781  1.67026e+06
1791  1.64168e+06
1801  1.60634e+06
1811  1.58579e+06
1821  1.55768e+06
1831  1.52587e+06
1841  1.50823e+06
1851  1.47013e+06
1861  1.44865e+06
1871  1.42487e+06
1881  1.40271e+06
1891  1.38428e+06
1901  1.36069e+06
1911  1.34944e+06
1921  1.33426e+06
1931  1.30823e+06
1941  1.29077e+06
1951  1.26683e+06
1961  1.2426e+06
1971  1.21853e+06
1981  1.19117e+06
1991  1.16766e+06
2001  1.14307e+06
2011  1.12387e+06
2021  1.09945e+06
2031  1.06649e+06
2041  1.04232e+06
2051  1.02862e+06
2061  995808
2071  982011
2081  948749
2091  928094
2101  898573
2111  875162
2121  830617
2131  801121
2141  773188
2151  743268
2161  716636
2171  689941
2181  659815
2191  641937
2201  608614
2211  592951
2221  559406
2231  528103
2241  506350
2251  482825
2261  462831
2271  439550
2281  420346
2291  399830
2301  367911
2311  345809
2321  313962
2331  293765
2341  246278
2351  221204
2361  202229
2371  177106
2381  156204
2391  127064
2401  108323
2411  74319.7
2421  59824.5
2431  38265.1
2441  16231.9
2451  99.4521
2461  5.08068
2471  4.46663
2481  5.01118
2491  4.00511
2501  5.69725
2511  7.83861
2521  7.84674
2531  6.53309
2541  6.23677
2551  7.84175
2561  4.98693
2571  11.2584
2581  8.84331
2591  6.71406
2601  7.59576
2611  3.10333
2621  7.96251
2631  5.28336
2641  5.78331
2651  5.09911
2661  11.0662
2671  6.7241
2681  10.3096
2691  5.69397
2701  8.56532
2711  5.09764
2721  7.23434
2731  4.97517
2741  8.19672
2751  7.71211
2761  5.12374
2771  6.80857
2781  5.09516
2791  8.41623
2801  7.43247
2811  6.14014
2821  9.12787
2831  7.50419
2841  7.14084
2851  6.14067
2861  4.80841
2871  10.8503
2881  6.51656
2891  4.14887
2901  6.16591
2911  6.53528
2921  4.48818
2931  5.45722
2941  6.15418
2951  6.0135
2961  10.9206
2971  6.84218
2981  4.33454
2991  8.15291
3001  4.83998
3011  8.62661
3021  7.97633
3031  4.95002
3041  5.76197
3051  6.40768
3061  8.26016
3071  6.7781
3081  5.35284
3091  3.49595
3101  6.70795
3111  5.84033
3121  5.63861
3131  7.30454
3141  6.03126
3151  4.17343
3161  6.29733
3171  8.63467
3181  5.93774
3191  7.82342
3201  7.84719
3211  7.40283
3221  9.09179
3231  6.42477
3241  5.91517
3251  5.41818
3261  7.42106
3271  7.80032
3281  4.25435
3291  6.29029
3301  7.35023
3311  4.89071
3321  8.90062
3331  6.02443
3341  5.46476
3351  4.9853
3361  6.69503
3371  5.82271
3381  5.5553
3391  10.0894
3401  6.41477
3411  5.66872
3421  5.24873
3431  4.13824
3441  6.36949
3451  3.457
3461  5.78339
3471  6.80866
3481  6.05098
3491  5.99721
3501  7.21986
3511  6.32727
3521  4.39882
3531  6.34888
3541  6.42676
3551  5.53965
3561  6.62065
3571  5.17841
3581  7.67306
3591  7.88701
3601  7.03127
3611  6.15664
3621  9.32118
3631  6.95283
3641  6.45514
3651  6.04805
3661  7.0268
3671  5.02531
3681  5.47251
3691  3.24464
3701  7.54814
3711  7.02721
3721  4.24823
3731  7.34665
3741  6.30206
3751  9.14918
3761  9.22453
3771  5.2185
3781  6.70896
3791  6.73583
3801  6.14852
3811  7.17138
3821  6.33439
3831  7.91367
3841  8.2349
3851  7.62068
3861  7.285
3871  5.88914
3881  4.98555
3891  7.21336
3901  4.73839
3911  6.57047
3921  5.05579
3931  6.21728
3941  5.89789
3951  7.57899
3961  6.21025
3971  9.36809
3981  5.75827
3991  9.60839
4001  6.20849
4011  10.8718
4021  5.96586
4031  8.55093
4041  5.50059
4051  4.33147
4061  7.24759
4071  8.21669
4081  4.42667
4091  6.27092
4101  6.80509
4111  4.30667
4121  6.55061
4131  7.4941
4141  5.31233
4151  3.13246
4161  6.06151
4171  6.56229
4181  8.11569
4191  6.64756
4201  11.4128
4211  5.06082
4221  4.86224
4231  4.35248
4241  5.01296
4251  5.07609
4261  6.82566
4271  6.97866
4281  5.75207
4291  6.22541
4301  6.28357
4311  7.60728
4321  5.92063
4331  5.94998
4341  2.89828
4351  6.78202
4361  6.33428
4371  5.90034
4381  7.55409
4391  3.81556
4401  7.91884
4411  5.96878
4421  4.31835
4431  4.58647
4441  3.98334
4451  8.13857
4461  3.51282
4471  5.39449
4481  6.29978
4491  5.85899
4501  5.16968
4511  8.62442
4521  7.96985
4531  3.44396
4541  5.43419
4551  5.52724
4561  5.58476
4571  4.90437
4581  7.25749
4591  5.84391
4601  3.77706
4611  4.66793
4621  7.94665
4631  5.29124
4641  5.6886
4651  6.39552
4661  5.68421
4671  7.96238
4681  7.03751
4691  9.18681
4701  6.11082
4711  5.04158
4721  3.19312
4731  5.71258
4741  5.92384
4751  5.94374
4761  8.05
4771  6.35442
4781  2.82893
4791  4.89741
4801  3.53301
4811  7.62239
4821  7.45316
4831  4.52376
4841  6.04712
4851  8.67091
4861  5.54713
4871  3.88358
4881  4.43772
4891  7.72553
4901  4.16703
4911  6.31121
4921  4.47265
4931  6.0963
4941  10.4217
4951  5.74372
4961  7.34101
4971  10.6591
4981  6.9162
4991  3.53114
5001  7.71877
5011  7.41237
5021  6.52502
5031  4.76226
5041  9.1922
5051  7.40628
5061  7.23051
5071  4.26592
5081  8.42582
5091  10.2476
5101  6.26118
5111  5.7789
5121  10.2752
5131  3.78406
5141  6.08971
5151  8.2877
5161  5.44179
5171  6.70409
5181  8.05012
5191  5.81771
5201  6.82096
5211  4.83621
5221  8.64757
5231  8.00433
5241  6.61419
5251  6.6715
5261  7.93331
5271  6.80118
5281  7.46982
5291  4.85766
5301  7.92431
5311  4.77966
5321  4.24759
5331  8.91934
5341  6.71948
5351  3.25832
5361  5.74109
5371  7.50113
5381  5.37936
5391  8.12758
5401  7.46701
5411  4.76011
5421  4.07786
5431  8.34016
5441  6.06041
5451  9.92991
5461  5.5037
5471  7.17556
5481  8.4792
5491  4.03201
5501  6.02397
5511  6.08806
5521  10.7949
5531  5.35428
5541  5.21263
5551  5.68656
5561  3.60848
5571  7.53656
5581  6.60959
5591  7.88102
5601  7.73514
5611  7.27436
5621  3.07678
5631  6.53859
5641  11.1175
5651  4.28741
5661  7.02533
5671  6.04951
5681  3.83049
5691  9.46101
5701  6.54217
5711  5.13507
5721  4.74419
5731  8.17596
5741  8.59678
5751  5.50066
5761  5.1556
5771  8.84509
5781  5.8663
5791  11.1093
5801  7.56657
5811  8.57433
5821  5.61614
5831  6.90635
5841  5.15444
5851  7.95142
5861  12.0082
5871  5.16369
5881  5.19462
5891  7.49301
5901  2.36101
5911  5.22851
5921  3.37672
5931  8.39002
5941  3.21087
5951  8.26549
5961  3.11525
5971  9.36753
5981  5.19777
5991  4.54928
6001  6.44663
6011  8.55808
6021  7.52175
6031  6.83299
6041  6.10678
6051  5.62422
6061  9.71503
6071  8.43912
6081  5.92096
6091  5.9524
6101  6.77898
6111  4.30421
6121  4.95158
6131  5.89756
6141  4.56939
6151  8.68519
6161  9.57552
6171  4.09879
6181  4.6211
6191  7.69954
6201  5.21599
6211  5.7249
6221  5.1406
6231  3.97178
6241  5.01181
6251  5.04552
6261  4.29288
6271  6.97943
6281  12.7684
6291  5.22256
6301  7.81697
6311  7.7936
6321  7.32924
6331  6.57992
6341  7.36475
6351  7.79947
6361  4.39636
6371  6.03179
6381  4.51506
6391  10.0436
6401  7.56758
6411  5.42236
6421  5.04777
6431  5.16582
6441  5.735
6451  5.78978
6461  4.18883
6471  7.98201
6481  6.10153
6491  5.87169
6501  8.88138
6511  5.19295
6521  6.45929
6531  6.90335
6541  5.22558
6551  6.91436
6561  7.12484
6571  11.0493
6581  5.39726
6591  11.0133
6601  10.1099
6611  7.2308
6621  7.57809
6631  9.43664
6641  2.78722
6651  5.84979
6661  6.66238
6671  6.91537
6681  6.55106
6691  6.33951
6701  6.19364
6711  7.68706
6721  4.0345
6731  6.45882
6741  3.6241
6751  6.29862
6761  10.4972
6771  4.9466
6781  7.09124
6791  9.67845
6801  7.73297
6811  4.05723
6821  6.93737
6831  8.9012
6841  8.41969
6851  8.9849
6861  7.38597
6871  3.91514
6881  7.86007
6891  6.47392
6901  4.85331
6911  5.89233
6921  4.82523
6931  5.39372
6941  6.65519
6951  6.23034
6961  9.49071
6971  7.55605
6981  6.69473
6991  8.71265
7001  7.14367
7011  3.37437
7021  9.5777
7031  8.28291
7041  6.81752
7051  4.21615
7061  3.60149
7071  3.34524
7081  8.37854
7091  6.99809
7101  12.3414
7111  4.99371
7121  6.30772
7131  6.5381
7141  4.81581
7151  10.009
7161  5.71502
7171  5.74055
7181  6.91804
7191  6.51611
7201  8.04331
7211  6.262
7221  7.3235
7231  7.04967
7241  7.11868
7251  4.83022
7261  4.53702
7271  4.76109
7281  5.06379
7291  5.93129
7301  7.71066
7311  5.60319
7321  9.13573
7331  6.18675
7341  6.695
7351  3.5602
7361  6.04393
7371  4.29927
7381  7.60599
7391  8.27449
7401  5.73612
7411  4.24702
7421  3.81701
7431  6.28213
7441  6.85735
7451  7.7122
7461  5.2471
7471  8.19884
7481  6.38417
7491  6.77293
7501  5.05754
7511  3.40087
7521  6.66037
7531  6.13062
7541  4.22608
7551  4.80347
7561  6.11744
7571  8.1519
7581  8.3554
7591  7.69602
7601  6.90248
7611  7.73466
7621  7.07127
7631  5.8015
7641  5.02526
7651  6.28056
7661  5.3274
7671  7.51506
7681  5.78187
7691  5.66498
7701  10.068
7711  7.89233
7721  7.57372
7731  5.43528
7741  11.4531
7751  6.30982
7761  7.48827
7771  8.08133
7781  6.06999
7791  6.04686
7801  7.6129
7811  6.74118
7821  6.59169
7831  7.48961
7841  6.51741
7851  6.53057
7861  7.83182
7871  8.34107
7881  9.61112
7891  6.29109
7901  7.63086
7911  5.21239
7921  5.7258
7931  9.16029
7941  6.21396
7951  9.62088
7961  5.78683
7971  4.45936
7981  7.10587
7991  3.24716
8001  8.29336
8011  9.65014
8021  7.13353
8031  7.50473
8041  5.34027
8051  6.20796
8061  6.73329
8071  4.37971
8081  3.7003
8091  5.89913
8101  7.79915
8111  4.57384
8121  5.52802
8131  2.77523
8141  4.15071
8151  6.74696
8161  6.66946
8171  7.08247
8181  7.73143
8191  5.98735
8201  5.33699
8211  7.75699
8221  7.40816
8231  4.58499
8241  8.68389
8251  9.73906
8261  3.58731
8271  5.09157
8281  5.221
8291  8.46086
8301  8.7351
8311  6.10169
8321  6.68034
8331  4.79974
8341  8.35368
8351  6.66559
8361  8.24319
8371  7.44554
8381  7.5741
8391  6.80917
8401  7.8148
8411  7.21297
8421  5.18022
8431  7.34828
8441  6.56211
8451  7.48635
8461  7.99047
8471  6.22654
8481  5.50117
8491  10.7054
8501  6.92926
8511  9.18512
8521  3.2264
8531  2.99707
8541  7.08371
8551  6.16338
8561  5.38521
8571  5.15537
8581  2.9868
8591  7.60186
8601  6.04186
8611  5.8584
8621  4.35013
8631  4.22446
8641  7.7197
8651  6.66524
8661  9.38172
8671  8.22913
8681  3.9469
8691  3.31043
8701  5.0553
8711  8.69758
8721  6.7414
8731  8.99522
8741  8.10928
8751  4.78984
8761  8.06878
8771  5.07904
8781  7.93311
8791  6.04051
8801  7.04747
8811  6.42554
8821  7.17712
8831  6.22164
8841  6.27694
8851  5.18929
8861  6.46033
8871  5.82195
8881  9.70803
8891  6.61672
8901  4.09292
8911  5.73302
8921  6.87492
8931  4.69319
8941  5.60446
8951  7.86365
8961  8.66527
8971  8.97404
8981  5.40694
8991  6.07885
9001  6.53578
9011  9.99809
9021  6.7617
9031  6.80668
9041  9.16484
9051  8.40459
9061  4.35196
9071  9.71678
9081  6.84974
9091  6.45104
9101  6.19664
9111  4.37799
9121  7.09743
9131  4.90317
9141  7.40843
9151  7.58113
9161  7.60869
9171  10.2695
9181  8.63261
9191  8.13218
9201  4.07075
9211  6.37705
9221  4.82033
9231  12.9059
9241  2.2862
9251  6.54247
9261  9.33015
9271  8.47826
9281  7.57017
9291  6.3436
9301  7.62066
9311  5.2588
9321  5.26741
9331  6.17434
9341  5.79457
9351  5.82873
9361  4.01737
9371  8.20592
9381  6.09785
9391  4.92377
9401  3.15234
9411  8.01884
9421  8.21953
9431  5.2476
9441  7.24102
9451  7.58941
9461  7.51776
9471  4.56633
9481  2.93583
9491  5.38699
9501  3.62496
9511  5.97559
9521  4.88079
9531  6.42341
9541  6.37348
9551  5.22021
9561  7.57204
9571  6.37319
9581  4.224
9591  6.68749
9601  6.07837
9611  5.98678
9621  6.94419
9631  6.17551
9641  10.0613
9651  5.31808
9661  7.41702
9671  5.18532
9681  4.62584
9691  5.64527
9701  8.25731
9711  6.94639
9721  7.05792
9731  8.19346
9741  10.9152
9751  8.372
9761  4.92716
9771  14.4547
9781  4.78373
9791  5.98442
9801  6.54386
9811  7.33889
9821  4.93789
9831  7.44559
9841  7.70399
9851  6.14532
9861  4.61811
9871  4.74581
9881  5.42588
9891  9.36584
9901  3.37968
9911  6.95917
9921  4.55182
9931  7.47298
9941  7.9943
9951  5.83602
9961  3.88852
9971  6.50641
9981  7.07745
9991  8.13934
10001  7.13038
10011  8.07858
10021  6.0995
10031  3.75672
10041  7.22562
10051  6.40892
10061  6.06674
10071  10.5296
10081  5.7137
10091  9.18488
10101  6.22232
10111  5.50439
10121  5.17847
10131  7.30314
10141  8.32418
10151  4.79049
10161  4.85009
10171  6.5587
10181  5.12161
10191  3.3263
10201  5.81911
10211  5.94165
10221  6.94515
10231  5.80739
10241  3.81055
10251  3.7699
10261  7.41069
10271  3.42695
10281  8.90594
10291  3.27294
10301  5.86482
10311  5.56135
10321  7.23856
10331  4.62389
10341  5.64247
10351  6.70547
10361  8.79747
10371  8.71858
10381  4.85718
10391  10.8059
10401  8.81426
10411  6.23169
10421  4.42715
10431  6.42549
10441  7.26637
10451  8.92376
10461  4.89878
10471  6.4452
10481  8.08343
10491  7.99273
10501  10.7188
10511  5.39028
10521  7.34494
10531  7.356
10541  4.24794
10551  4.45335
10561  3.76864
10571  7.30463
10581  3.68583
10591  4.43096
10601  8.80737
10611  7.31046
10621  3.34407
10631  4.67077
10641  8.48538
10651  3.98016
10661  9.33565
10671  6.01442
10681  7.62849
10691  7.58566
10701  9.3046
10711  4.34315
10721  2.06631
10731  6.67922
10741  6.4825
10751  11.8304
10761  7.22658
10771  9.40212
10781  5.23342
10791  4.01758
10801  9.48937
10811  7.46377
10821  4.24674
10831  5.06061
10841  9.52665
10851  5.46749
10861  6.15909
10871  7.54358
10881  5.14299
10891  7.8214
10901  4.32564
10911  4.19306
10921  5.04732
10931  5.47177
10941  4.9967
10951  7.05838
10961  6.33361
10971  6.28665
10981  7.9305
10991  7.11886
