1001  3.4632e+06
1011  3.44081e+06
1021  3.42459e+06
1031  3.39751e+06
1041  3.38076e+06
1051  3.34139e+06
1061  3.31459e+06
1071  3.29311e+06
1081  3.26892e+06
1091  3.24505e+06
1101  3.23502e+06
1111  3.22664e+06
1121  3.20299e+06
1131  3.174e+06
1141  3.15477e+06
1151  3.12726e+06
1161  3.09614e+06
1171  3.06976e+06
1181  3.05397e+06
1191  3.01701e+06
1201  2.99223e+06
1211  2.97274e+06
1221  2.95128e+06
1231  2.94413e+06
1241  2.91063e+06
1251  2.87561e+06
1261  2.8579e+06
1271  2.83276e+06
1281  2.81126e+06
1291  2.77324e+06
1301  2.7442e+06
1311  2.73127e+06
1321  2.70601e+06
1331  2.68481e+06
1341  2.66333e+06
1351  2.63496e+06
1361  2.61721e+06
1371  2.59637e+06
1381  2.57662e+06
1391  2.55272e+06
1401  2.5257e+06
1411  2.4912e+06
1421  2.46244e+06
1431  2.44403e+06
1441  2.42126e+06
1451  2.381e+06
1461  2.36084e+06
1471  2.34657e+06
1481  2.32946e+06
1491  2.29801e+06
1501  2.26822e+06
1511  2.24335e+06
1521  2.21714e+06
1531  2.18602e+06
1541  2.16674e+06
1551  2.13801e+06
1561  2.1143e+06
1571  2.08443e+06
1581  2.06668e+06
1591  2.04825e+06
1601  2.03169e+06
1611  2.0144e+06
1621  1.97578e+06
1631  1.94832e+06
1641  1.92781e+06
1651  1.90296e+06
1661  1.87476e+06
1671  1.85277e+06
1681  1.82754e+06
1691  1.80567e+06
1701  1.77507e+06
1711  1.74144e+06
1721  1.71312e+06
1731  1.69995e+06
1741  1.66837e+06
1751  1.64238e+06
1761  1.61252e+06
1771  1.59238e+06
1781  1.57615e+06
1791  1.545e+06
1801  1.52337e+06
1811  1.49916e+06
1821  1.46361e+06
1831  1.43483e+06
1841  1.41747e+06
1851  1.393e+06
1861  1.36852e+06
1871  1.34704e+06
1881  1.32533e+06
1891  1.31106e+06
1901  1.29128e+06
1911  1.27752e+06
1921  1.25868e+06
1931  1.23869e+06
1941  1.20319e+06
1951  1.17623e+06
1961  1.15056e+06
1971  1.12181e+06
1981  1.09839e+06
1991  1.07267e+06
2001  1.04587e+06
2011  1.01407e+06
2021  988156
2031  966083
2041  944811
2051  911611
2061  890838
2071  863796
2081  851504
2091  820416
2101  795935
2111  766652
2121  742821
2131  709739
2141  679023
2151  660738
2161  640874
2171  619664
2181  595566
2191  566678
2201  546371
2211  528732
2221  503713
2231  486461
2241  455098
2251  435284
2261  417599
2271  386140
2281  360112
2291  326144
2301  304311
2311  283528
2321  263995
2331  247394
2341  224241
2351  216120
2361  186965
2371  175801
2381  157682
2391  130960
2401  102296
2411  80974.9
2421  50721.1
2431  21949.1
2441  20.4644
2451  3.61911
2461  6.24054
2471  4.05274
2481  8.92058
2491  5.2682
2501  4.10266
2511  5.39239
2521  5.23733
2531  8.47329
2541  8.24849
2551  7.16742
2561  9.11963
2571  7.24785
2581  9.88651
2591  6.92626
2601  4.09633
2611  4.42396
2621  5.40674
2631  7.15871
2641  6.86617
2651  8.8273
2661  7.24865
2671  2.80792
2681  3.03747
2691  4.27668
2701  5.25272
2711  8.23521
2721  5.52946
2731  5.2989
2741  4.09098
2751  7.17589
2761  6.48368
2771  6.34542
2781  3.99494
2791  5.33719
2801  8.73673
2811  9.0656
2821  8.69096
2831  8.54715
2841  6.17546
2851  4.66005
2861  3.48713
2871  5.81237
2881  6.28322
2891  8.22692
2901  4.63502
2911  4.32857
2921  4.18205
2931  7.92161
2941  7.32237
2951  5.4965
2961  9.10746
2971  4.02795
2981  7.16381
2991  6.63605
3001  7.95242
3011  3.26074
3021  5.59306
3031  6.25488
3041  8.76025
3051  5.16509
3061  6.25039
3071  5.77294
3081  6.905
3091  11.0804
3101  6.74971
3111  9.11642
3121  6.84225
3131  9.54448
3141  5.31316
3151  4.31945
3161  5.43158
3171  4.06902
3181  7.39509
3191  8.98515
3201  5.11548
3211  4.96179
3221  7.50439
3231  3.1438
3241  5.58961
3251  7.64044
3261  8.5994
3271  6.32211
3281  8.45463
3291  3.60529
3301  6.97217
3311  4.18079
3321  10.4013
3331  4.34199
3341  11.1229
3351  5.88219
3361  3.78303
3371  8.85385
3381  3.59348
3391  5.69401
3401  8.05358
3411  7.53045
3421  8.14511
3431  4.98219
3441  6.33638
3451  8.22836
3461  6.10906
3471  6.35805
3481  4.75329
3491  4.88244
3501  3.61303
3511  5.59621
3521  5.97736
3531  7.21277
3541  4.23687
3551  11.6733
3561  8.73998
3571  5.51544
3581  8.31989
3591  8.53455
3601  6.771
3611  5.43256
3621  4.66722
3631  5.7206
3641  6.83165
3651  6.2362
3661  9.94952
3671  6.13973
3681  5.82486
3691  5.27593
3701  6.09417
3711  6.34956
3721  7.4306
3731  4.16162
3741  6.00648
3751  6.51209
3761  4.6505
3771  6.89953
3781  8.36801
3791  6.59425
3801  6.94007
3811  7.56936
3821  9.27141
3831  10.4125
3841  5.92441
3851  7.93893
3861  9.72196
3871  6.25282
3881  7.2266
3891  5.13398
3901  9.23925
3911  3.83122
3921  6.21898
3931  7.75433
3941  8.40674
3951  4.26508
3961  5.16527
3971  4.71791
3981  7.37584
3991  7.38437
4001  3.9421
4011  8.28435
4021  3.35392
4031  4.62743
4041  7.02752
4051  4.14997
4061  5.69328
4071  5.83395
4081  9.22873
4091  6.32507
4101  4.11337
4111  8.22156
4121  6.40945
4131  6.3629
4141  6.6369
4151  6.08566
4161  7.39055
4171  4.17151
4181  7.53316
4191  5.83268
4201  5.32593
4211  8.21201
4221  6.68706
4231  3.99624
4241  8.07953
4251  8.18331
4261  9.63144
4271  6.1933
4281  7.04342
4291  5.20162
4301  5.18698
4311  9.40055
4321  6.36713
4331  5.11786
4341  4.61081
4351  7.29787
4361  9.22061
4371  3.78121
4381  6.47789
4391  5.70897
4401  5.69011
4411  7.02912
4421  7.1382
4431  5.53357
4441  7.20687
4451  7.21777
4461  6.96291
4471  6.95312
4481  6.76373
4491  6.48919
4501  6.52844
4511  5.94097
4521  6.50313
4531  7.76992
4541  5.05845
4551  5.91465
4561  5.83992
4571  2.89585
4581  5.08392
4591  7.10428
4601  6.80803
4611  6.11841
4621  4.69714
4631  4.8478
4641  7.2831
4651  5.2178
4661  6.57701
4671  3.90991
4681  7.38899
4691  5.82888
4701  5.77665
4711  5.71596
4721  6.96261
4731  3.05166
4741  10.2518
4751  4.50459
4761  8.33702
4771  8.30253
4781  7.19653
4791  7.84018
4801  4.17905
4811  12.1398
4821  6.38146
4831  6.03977
4841  6.30007
4851  5.98333
4861  7.04474
4871  5.03122
4881  7.93132
4891  7.00082
4901  7.18829
4911  5.42909
4921  4.72356
4931  4.68989
4941  3.65922
4951  4.47491
4961  7.90148
4971  5.90511
4981  5.40284
4991  9.01568
5001  7.23744
5011  5.04763
5021  4.9566
5031  5.6047
5041  7.11042
5051  9.34968
5061  4.81729
5071  4.39163
5081  9.14318
5091  5.03715
5101  4.52275
5111  7.4107
5121  7.39474
5131  10.399
5141  6.69549
5151  6.25046
5161  6.44301
5171  6.27122
5181  8.54015
5191  6.9121
5201  6.59616
5211  6.77553
5221  9.72805
5231  6.53907
5241  3.04811
5251  6.51168
5261  7.88761
5271  6.03929
5281  5.31854
5291  6.40799
5301  6.43817
5311  8.6506
5321  4.77912
5331  6.91256
5341  5.84345
5351  5.27429
5361  11.044
5371  6.88958
5381  7.12209
5391  5.8053
5401  8.31987
5411  8.91944
5421  9.01387
5431  9.42708
5441  6.82717
5451  4.33703
5461  4.84391
5471  4.28735
5481  7.20394
5491  5.47083
5501  5.74869
5511  5.11038
5521  5.65625
5531  6.19033
5541  6.2108
5551  6.96149
5561  5.17989
5571  9.03145
5581  8.70909
5591  7.16672
5601  4.70467
5611  2.7135
5621  6.78087
5631  5.42199
5641  8.47342
5651  6.67437
5661  4.52721
5671  6.95821
5681  6.45481
5691  3.15233
5701  5.01291
5711  7.3489
5721  5.12312
5731  4.57873
5741  6.12016
5751  6.09312
5761  10.0577
5771  5.75145
5781  4.04051
5791  5.37101
5801  6.34361
5811  9.22713
5821  5.66462
5831  7.86066
5841  5.42266
5851  8.67073
5861  5.34943
5871  5.25365
5881  2.84599
5891  7.10758
5901  3.71873
5911  5.1228
5921  4.17579
5931  6.00241
5941  6.80953
5951  3.93898
5961  7.00442
5971  8.02615
5981  3.94488
5991  4.07697
6001  5.58315
6011  4.94665
6021  3.38997
6031  8.16781
6041  5.83477
6051  7.18849
6061  4.02995
6071  6.49323
6081  5.91216
6091  5.71378
6101  7.01692
6111  11.5537
6121  8.14998
6131  6.41167
6141  7.88145
6151  7.40332
6161  7.38632
6171  6.35053
6181  7.8589
6191  5.45714
6201  7.33101
6211  7.84598
6221  5.89829
6231  8.16701
6241  8.09505
6251  4.24566
6261  6.96445
6271  5.01184
6281  6.369
6291  6.34049
6301  5.96394
6311  6.274
6321  6.21188
6331  5.89065
6341  5.25044
6351  5.45248
6361  8.09731
6371  5.00277
6381  9.63746
6391  8.34417
6401  9.7908
6411  7.65031
6421  6.58139
6431  9.09869
6441  6.1008
6451  4.06169
6461  7.72187
6471  6.12799
6481  7.08788
6491  6.72637
6501  6.71251
6511  5.15499
6521  7.8913
6531  4.05453
6541  5.31073
6551  7.12193
6561  6.44499
6571  6.40549
6581  7.81166
6591  8.05812
6601  11.3046
6611  6.80851
6621  8.17577
6631  4.38958
6641  6.93797
6651  6.77348
6661  4.36934
6671  8.19283
6681  8.55534
6691  8.07237
6701  6.97966
6711  10.7565
6721  4.32356
6731  4.46574
6741  11.9083
6751  7.27405
6761  4.77389
6771  5.1466
6781  7.74876
6791  8.77795
6801  8.30508
6811  4.76191
6821  3.88965
6831  8.14338
6841  6.04483
6851  6.81359
6861  8.19312
6871  4.84571
6881  3.6185
6891  6.20882
6901  5.87491
6911  5.57499
6921  6.83549
6931  4.92337
6941  4.26689
6951  5.47639
6961  6.65058
6971  6.26977
6981  5.44849
6991  3.68519
7001  4.15583
7011  6.09707
7021  7.7018
7031  5.97938
7041  4.9047
7051  9.08446
7061  4.57137
7071  8.76099
7081  7.93981
7091  11.2707
7101  6.41622
7111  5.83328
7121  6.06382
7131  9.02666
7141  5.3474
7151  4.26649
7161  7.09376
7171  4.89146
7181  6.02784
7191  5.6158
7201  4.75514
7211  7.12126
7221  6.66048
7231  7.18213
7241  4.28928
7251  7.99437
7261  5.81743
7271  8.63588
7281  6.84854
7291  7.79789
7301  5.45419
7311  8.3088
7321  5.35167
7331  3.32798
7341  5.3121
7351  4.81227
7361  6.32466
7371  5.57344
7381  7.50618
7391  7.58623
7401  3.57693
7411  6.87563
7421  8.88569
7431  4.85443
7441  7.47544
7451  9.54874
7461  9.42811
7471  5.75904
7481  6.56797
7491  7.6442
7501  8.2941
7511  2.5357
7521  5.58211
7531  8.81764
7541  5.03732
7551  4.11495
7561  6.58672
7571  9.41493
7581  7.13258
7591  8.56347
7601  4.80849
7611  4.59918
7621  5.87759
7631  7.25605
7641  8.32831
7651  4.41429
7661  5.18759
7671  5.5545
7681  8.56774
7691  10.2253
7701  5.16578
7711  7.87494
7721  5.84583
7731  8.80951
7741  5.56094
7751  4.40699
7761  3.93647
7771  6.5781
7781  4.97563
7791  7.22607
7801  11.1003
7811  6.36448
7821  7.17602
7831  5.76432
7841  6.09693
7851  6.52974
7861  7.15032
7871  7.28836
7881  7.44389
7891  8.55131
7901  4.41381
7911  4.22862
7921  5.81108
7931  7.62715
7941  7.50874
7951  3.46872
7961  5.66354
7971  6.53734
7981  6.06631
7991  4.20976
8001  5.33392
8011  6.58785
8021  6.6826
8031  3.81641
8041  5.90531
8051  4.44179
8061  4.53928
8071  4.43108
8081  5.64868
8091  8.36454
8101  7.56702
8111  7.87998
8121  5.61496
8131  7.4511
8141  4.06834
8151  6.48046
8161  7.46918
8171  7.12218
8181  9.20533
8191  5.29105
8201  4.12659
8211  8.19613
8221  11.3975
8231  6.76412
8241  6.44609
8251  4.40983
8261  4.83576
8271  6.31562
8281  7.29082
8291  5.43435
8301  4.8643
8311  4.40532
8321  4.25727
8331  7.56919
8341  6.84674
8351  10.2466
8361  8.12179
8371  7.22584
8381  5.35376
8391  6.34553
8401  4.62434
8411  6.01406
8421  4.4465
8431  7.77847
8441  6.81758
8451  6.39621
8461  5.12266
8471  7.94132
8481  8.71211
8491  6.50647
8501  9.33677
8511  6.03569
8521  6.38956
8531  6.61619
8541  4.84768
8551  4.46976
8561  4.5283
8571  9.50932
8581  6.56026
8591  7.16466
8601  9.51217
8611  9.56592
8621  5.28754
8631  7.45454
8641  4.34485
8651  4.96252
8661  6.93199
8671  4.40158
8681  5.61849
8691  6.94576
8701  7.48614
8711  5.54315
8721  6.13046
8731  6.27916
8741  7.96308
8751  7.29466
8761  4.44548
8771  8.99218
8781  9.29845
8791  8.19208
8801  7.64021
8811  6.33574
8821  6.91844
8831  5.57847
8841  7.63027
8851  4.95571
8861  4.68834
8871  6.91293
8881  8.72641
8891  7.25037
8901  7.42988
8911  7.53725
8921  6.06899
8931  9.08882
8941  3.75003
8951  6.55266
8961  8.35571
8971  4.64347
8981  8.82434
8991  8.74551
9001  4.71002
9011  10.3148
9021  8.80424
9031  6.19088
9041  6.63283
9051  5.80467
9061  5.64089
9071  4.19436
9081  7.40153
9091  6.74329
9101  5.22674
9111  5.73876
9121  7.51807
9131  5.97867
9141  6.9119
9151  5.98344
9161  3.59131
9171  5.59476
9181  5.20438
9191  4.54143
9201  6.06555
9211  4.3207
9221  5.7869
9231  7.76708
9241  5.50724
9251  5.88504
9261  4.43768
9271  6.27262
9281  8.19939
9291  7.78483
9301  5.99387
9311  6.22256
9321  5.47819
9331  7.20228
9341  2.74547
9351  6.61518
9361  4.81205
9371  6.27901
9381  5.40249
9391  9.11088
9401  9.45482
9411  7.20018
9421  5.67969
9431  5.33604
9441  5.52254
9451  7.60574
9461  5.12061
9471  7.12668
9481  4.82171
9491  7.94977
9501  4.77498
9511  3.81777
9521  7.14497
9531  2.92449
9541  8.45319
9551  3.97401
9561  7.66736
9571  4.83684
9581  6.81678
9591  9.61102
9601  5.67917
9611  7.63401
9621  7.29483
9631  7.66482
9641  7.6117
9651  8.44583
9661  7.41911
9671  4.29996
9681  3.95941
9691  8.33828
9701  6.50274
9711  5.45605
9721  4.12681
9731  4.82098
9741  4.8777
9751  5.31044
9761  6.71022
9771  11.7325
9781  6.9042
9791  5.04546
9801  7.3595
9811  5.356
9821  7.90856
9831  8.64685
9841  5.19436
9851  6.94941
9861  7.75457
9871  7.95045
9881  5.75724
9891  8.90366
9901  2.91046
9911  7.9176
9921  7.45413
9931  5.081
9941  4.71194
9951  7.8242
9961  4.60877
9971  9.28122
9981  6.09516
9991  5.17177
10001  8.24235
10011  9.90689
10021  7.79863
10031  8.03474
10041  7.61301
10051  4.80036
10061  6.53099
10071  6.68
10081  6.83404
10091  6.36163
10101  4.12188
10111  5.96107
10121  4.84221
10131  4.91699
10141  8.44646
10151  5.55348
10161  4.17645
10171  8.32672
10181  5.57011
10191  6.78741
10201  5.60079
10211  5.07595
10221  6.9343
10231  6.71067
10241  6.8753
10251  8.23304
10261  6.95223
10271  5.43046
10281  7.25764
10291  4.52898
10301  6.83877
10311  5.42146
10321  4.63194
10331  10.1881
10341  5.38148
10351  7.33628
10361  6.25225
10371  7.2639
10381  6.20185
10391  5.09719
10401  7.43121
10411  4.58647
10421  4.65043
10431  3.57658
10441  8.59074
10451  7.17345
10461  7.64243
10471  5.57906
10481  9.0855
10491  6.62773
10501  5.76354
10511  4.05137
10521  8.75751
10531  3.42584
10541  8.38312
10551  8.34736
10561  6.89811
10571  5.82814
10581  7.34108
10591  4.28549
10601  4.50325
10611  10.2022
10621  7.85411
10631  9.77747
10641  5.85523
10651  6.30121
10661  7.03082
10671  6.87808
10681  6.90951
10691  5.70603
10701  3.41722
10711  6.33927
10721  7.91158
10731  8.1288
10741  5.12261
10751  5.28023
10761  9.07207
10771  7.40502
10781  8.06808
10791  6.91756
10801  4.2061
10811  5.11856
10821  7.10787
10831  7.0073
10841  7.64601
10851  4.83783
10861  7.12955
10871  5.47351
10881  8.43322
10891  8.53554
10901  4.74358
10911  4.12843
10921  6.14868
10931  6.36347
10941  5.74652
10951  6.13541
10961  7.32201
10971  6.12122
10981  6.42829
10991  4.73235
