1001  6.34147
1011  10.2686
1021  6.74334
1031  6.38569
1041  4.73537
1051  3.57491
1061  5.76566
1071  7.90093
1081  7.52168
1091  4.47225
1101  5.75906
1111  7.27425
1121  6.12187
1131  6.28232
1141  7.53565
1151  8.57985
1161  5.85783
1171  6.86873
1181  4.21234
1191  7.24301
1201  7.12022
1211  8.26933
1221  3.47735
1231  8.46153
1241  7.35002
1251  7.284
1261  5.27001
1271  6.74075
1281  5.4062
1291  8.61071
1301  5.148
1311  6.95281
1321  3.79397
1331  3.69772
1341  8.77821
1351  6.32223
1361  9.55731
1371  12.0423
1381  10.1779
1391  7.46387
1401  5.47282
1411  5.97858
1421  4.44266
1431  6.66204
1441  6.84294
1451  10.3597
1461  5.54002
1471  5.44197
1481  6.90134
1491  7.60941
1501  7.12368
1511  6.87253
1521  6.31941
1531  4.81109
1541  6.0562
1551  5.18566
1561  6.91655
1571  5.99569
1581  8.00629
1591  5.58845
1601  8.32092
1611  6.11213
1621  8.0663
1631  4.37719
1641  7.52195
1651  7.48654
1661  6.69702
1671  4.41787
1681  10.4186
1691  4.88392
1701  5.89611
1711  9.59889
1721  4.76731
1731  8.78833
1741  7.35564
1751  6.43429
1761  5.99211
1771  7.86937
1781  4.3286
1791  4.82421
1801  6.19299
1811  6.64727
1821  9.79288
1831  8.35296
1841  8.32621
1851  4.9456
1861  6.30617
1871  5.06845
1881  5.6773
1891  2.69344
1901  9.52597
1911  7.84534
1921  5.60815
1931  6.45505
1941  6.71817
1951  9.64164
1961  6.10383
1971  4.58562
1981  4.23369
1991  8.42258
2001  7.42261
2011  6.80333
2021  9.26299
2031  11.2354
2041  7.23024
2051  6.01099
2061  7.14486
2071  7.41904
2081  8.70638
2091  5.95163
2101  7.84674
2111  5.80752
2121  10.4412
2131  5.31202
2141  8.7453
2151  8.5162
2161  6.81925
2171  7.13653
2181  7.29921
2191  5.77031
2201  5.26322
2211  8.04932
2221  3.27296
2231  5.77003
2241  7.46315
2251  9.81634
2261  5.39015
2271  6.22206
2281  6.14314
2291  8.98028
2301  5.18127
2311  4.20566
2321  6.27308
2331  5.08994
2341  5.1941
2351  6.8615
2361  3.52743
2371  6.74622
2381  4.84634
2391  6.12161
2401  4.92302
2411  6.12941
2421  8.067
2431  5.74092
2441  6.2007
2451  2.9736
2461  7.60163
2471  9.69814
2481  4.02612
2491  4.81747
2501  4.70108
2511  6.54634
2521  5.37031
2531  7.44872
2541  3.59243
2551  6.20413
2561  8.96172
2571  4.52549
2581  6.79953
2591  6.56158
2601  7.00329
2611  8.39303
2621  8.352
2631  6.42565
2641  5.18063
2651  7.14503
2661  7.38019
2671  6.56824
2681  6.0484
2691  7.24316
2701  6.27902
2711  5.50925
2721  8.32227
2731  5.57939
2741  7.56737
2751  5.24701
2761  7.14297
2771  9.1893
2781  7.28333
2791  6.55409
2801  6.69963
2811  7.85032
2821  3.57372
2831  5.31902
2841  5.08973
2851  5.71292
2861  6.06965
2871  10.0358
2881  6.28209
2891  4.10483
2901  6.95416
2911  5.3231
2921  8.58089
2931  6.51366
2941  8.9097
2951  4.56234
2961  4.11503
2971  7.32457
2981  9.42163
2991  6.53917
3001  3.05675
3011  11.1315
3021  5.39932
3031  5.5171
3041  6.97737
3051  5.78968
3061  4.31697
3071  6.80852
3081  5.57933
3091  6.41787
3101  7.27996
3111  8.30555
3121  6.17215
3131  5.32586
3141  6.83615
3151  6.80071
3161  5.23942
3171  10.5849
3181  8.53672
3191  7.24872
3201  7.2653
3211  5.59953
3221  8.62984
3231  4.82545
3241  6.3102
3251  6.38974
3261  6.38942
3271  6.33312
3281  4.90044
3291  9.0864
3301  6.5766
3311  7.82121
3321  8.527
3331  8.71038
3341  4.18444
3351  3.27042
3361  6.59228
3371  6.75794
3381  5.31925
3391  4.84531
3401  6.53851
3411  7.80096
3421  6.48969
3431  6.72374
3441  7.61557
3451  10.3611
3461  5.79424
3471  6.09715
3481  7.7998
3491  4.0501
3501  4.61878
3511  6.55852
3521  6.32367
3531  5.95629
3541  5.65187
3551  5.15598
3561  2.63757
3571  7.00554
3581  5.86248
3591  5.38501
3601  5.8865
3611  3.87617
3621  4.56527
3631  5.93198
3641  7.64151
3651  6.63862
3661  4.83827
3671  7.92034
3681  8.80999
3691  5.75197
3701  5.9487
3711  6.29473
3721  4.12667
3731  6.712
3741  5.4782
3751  4.85399
3761  6.32764
3771  6.89214
3781  7.38652
3791  4.79544
3801  5.35412
3811  6.10357
3821  9.24691
3831  4.96039
3841  6.91122
3851  6.22879
3861  5.17284
3871  3.83232
3881  5.84667
3891  7.06222
3901  7.31318
3911  7.44455
3921  3.93228
3931  6.1108
3941  8.7995
3951  3.81513
3961  5.68159
3971  4.80162
3981  6.52197
3991  5.49939
4001  5.61521
4011  13.1127
4021  5.81691
4031  4.31863
4041  6.56259
4051  6.19801
4061  6.50123
4071  4.18922
4081  4.37321
4091  5.77019
4101  10.3682
4111  7.93778
4121  3.96625
4131  5.61582
4141  5.6636
4151  5.90446
4161  3.00432
4171  7.13552
4181  8.25645
4191  6.61961
4201  9.62786
4211  3.54873
4221  5.11952
4231  4.72804
4241  4.85833
4251  9.16946
4261  5.49698
4271  5.53099
4281  9.07545
4291  9.04648
4301  6.9667
4311  5.39167
4321  4.67609
4331  5.15267
4341  7.24757
4351  6.67682
4361  7.57868
4371  6.65301
4381  4.19831
4391  6.27529
4401  6.28517
4411  6.74518
4421  6.45836
4431  12.1826
4441  5.73073
4451  5.4985
4461  7.16638
4471  5.39269
4481  5.51415
4491  3.9717
4501  9.66909
4511  4.79042
4521  5.92361
4531  7.52819
4541  3.97147
4551  4.79356
4561  5.21303
4571  8.44997
4581  4.99392
4591  6.4344
4601  8.69556
4611  10.1414
4621  6.96428
4631  7.92116
4641  6.98996
4651  6.54325
4661  8.05484
4671  8.69536
4681  7.61779
4691  5.90703
4701  6.17351
4711  13.4143
4721  5.91538
4731  3.14598
4741  8.01425
4751  5.62928
4761  6.64768
4771  8.47335
4781  7.5083
4791  9.75155
4801  6.5173
4811  10.4154
4821  9.23496
4831  6.8042
4841  4.53394
4851  6.60901
4861  8.09393
4871  5.2751
4881  6.78613
4891  7.32754
4901  6.36844
4911  7.60251
4921  4.49639
4931  4.41501
4941  5.42914
4951  6.01789
4961  5.69771
4971  4.11072
4981  4.07443
4991  5.44605
5001  9.27231
5011  3.68439
5021  5.27741
5031  6.00458
5041  7.67765
5051  6.83954
5061  6.16095
5071  5.83162
5081  8.54467
5091  4.69165
5101  6.92979
5111  8.02047
5121  6.33338
5131  4.6383
5141  5.45607
5151  6.0164
5161  7.26719
5171  7.49816
5181  5.0652
5191  8.54333
5201  6.8943
5211  8.00809
5221  3.50159
5231  5.48867
5241  6.00594
5251  7.64383
5261  5.04415
5271  7.78861
5281  6.04697
5291  7.79719
5301  4.88397
5311  6.69647
5321  4.55028
5331  5.41934
5341  4.92064
5351  7.56513
5361  7.97763
5371  7.01901
5381  8.03902
5391  3.93935
5401  3.49078
5411  9.44535
5421  4.33669
5431  4.18998
5441  6.72512
5451  10.236
5461  8.10021
5471  8.35691
5481  3.0407
5491  5.98345
5501  9.67763
5511  5.98245
5521  5.87408
5531  6.52667
5541  5.80059
5551  5.89502
5561  11.5801
5571  7.17959
5581  5.35213
5591  9.46611
5601  9.77388
5611  9.85287
5621  3.45097
5631  3.89674
5641  9.85481
5651  5.65553
5661  5.22706
5671  6.72563
5681  5.1328
5691  4.07067
5701  6.42823
5711  4.89991
5721  8.95425
5731  11.2512
5741  3.0776
5751  6.84089
5761  7.1356
5771  5.44196
5781  7.82178
5791  8.56677
5801  3.24538
5811  5.56874
5821  5.25117
5831  3.82055
5841  8.71872
5851  7.82789
5861  7.68093
5871  8.33634
5881  8.94921
5891  8.15782
5901  4.37225
5911  5.09502
5921  10.3351
5931  5.05932
5941  8.42828
5951  5.80593
5961  6.59272
5971  8.996
5981  4.62813
5991  9.11442
6001  6.33051
6011  7.58682
6021  4.52023
6031  6.57619
6041  6.21747
6051  3.98224
6061  5.67131
6071  6.95097
6081  5.25849
6091  5.84981
6101  6.76907
6111  6.77112
6121  5.4074
6131  6.0755
6141  3.93751
6151  8.82518
6161  7.31343
6171  7.9311
6181  10.1729
6191  4.71853
6201  6.17716
6211  5.0008
6221  7.60855
6231  6.94695
6241  3.48387
6251  4.75413
6261  5.22878
6271  5.25299
6281  4.05235
6291  5.48879
6301  5.42198
6311  5.4548
6321  6.63106
6331  7.00921
6341  5.78332
6351  6.0848
6361  3.01591
6371  3.9443
6381  5.33795
6391  6.38012
6401  5.08672
6411  3.8833
6421  7.6936
6431  7.40147
6441  6.55135
6451  7.44049
6461  9.52809
6471  4.59949
6481  6.83917
6491  7.6246
6501  3.54798
6511  6.74937
6521  7.593
6531  8.61031
6541  5.76161
6551  6.05338
6561  5.86195
6571  6.37711
6581  7.36029
6591  10.1599
6601  5.33046
6611  6.74201
6621  5.86282
6631  8.06098
6641  5.29203
6651  5.54236
6661  6.30936
6671  6.20849
6681  6.41252
6691  8.3559
6701  7.60304
6711  7.10373
6721  6.34091
6731  10.3096
6741  8.31131
6751  8.2751
6761  7.89418
6771  4.57666
6781  7.06029
6791  6.67212
6801  6.93019
6811  4.07733
6821  6.47253
6831  4.88253
6841  8.90395
6851  5.7212
6861  4.82333
6871  7.41498
6881  6.05824
6891  15.3964
6901  2.85275
6911  4.88729
6921  6.99544
6931  8.47773
6941  5.24492
6951  8.71302
6961  6.69053
6971  7.09057
6981  5.31643
6991  7.679
7001  5.62971
7011  5.8511
7021  4.8062
7031  8.79005
7041  2.49401
7051  6.72121
7061  5.53551
7071  3.87194
7081  5.20726
7091  5.34879
7101  9.89301
7111  7.13781
7121  6.94453
7131  10.4667
7141  8.59758
7151  9.70255
7161  5.10994
7171  6.98887
7181  4.12611
7191  7.15315
7201  5.30102
7211  3.35502
7221  7.43785
7231  3.94068
7241  5.81557
7251  6.85392
7261  5.31731
7271  9.42145
7281  6.43539
7291  7.44442
7301  6.93415
7311  3.94404
7321  3.66736
7331  7.12965
7341  9.42167
7351  3.60879
7361  5.31328
7371  5.84623
7381  5.24506
7391  4.5308
7401  7.67955
7411  7.27329
7421  6.6828
7431  8.13885
7441  7.50051
7451  5.79532
7461  4.9296
7471  7.00547
7481  5.46444
7491  4.62223
7501  5.34637
7511  6.71679
7521  8.77215
7531  5.7832
7541  10.166
7551  7.70238
7561  8.8775
7571  6.78168
7581  8.83713
7591  7.77259
7601  7.04891
7611  7.50113
7621  6.79623
7631  4.44737
7641  4.95361
7651  5.97522
7661  6.0896
7671  5.27635
7681  11.1536
7691  5.64774
7701  6.67745
7711  5.62056
7721  6.36422
7731  4.54734
7741  7.00748
7751  4.91251
7761  7.98357
7771  7.69553
7781  4.26601
7791  8.64252
7801  4.02132
7811  6.06803
7821  8.66274
7831  5.5107
7841  5.95328
7851  5.03375
7861  4.64846
7871  8.38277
7881  6.56001
7891  4.50774
7901  7.86309
7911  7.99482
7921  8.20064
7931  7.50835
7941  5.92276
7951  6.1204
7961  5.88257
7971  5.41657
7981  7.7967
7991  5.83943
8001  6.76703
8011  4.1212
8021  6.20918
8031  7.73121
8041  4.046
8051  3.15857
8061  5.64034
8071  10.1557
8081  9.23259
8091  5.11814
8101  4.5387
8111  5.74355
8121  5.13895
8131  8.37361
8141  9.30318
8151  8.9367
8161  8.46383
8171  4.35728
8181  7.6315
8191  9.55035
8201  5.71669
8211  3.45649
8221  6.36406
8231  8.49065
8241  5.42263
8251  4.94269
8261  8.21487
8271  4.41031
8281  5.22419
8291  6.64365
8301  8.96235
8311  10.3582
8321  11.3757
8331  4.21433
8341  4.27541
8351  2.75825
8361  8.89542
8371  7.1524
8381  6.69414
8391  6.21161
8401  8.59044
8411  4.15622
8421  4.87175
8431  5.83682
8441  6.2812
8451  3.39412
8461  7.33729
8471  4.04324
8481  8.1835
8491  9.22823
8501  6.4323
8511  7.42846
8521  3.13681
8531  7.88834
8541  3.8981
8551  2.87872
8561  10.1222
8571  7.19776
8581  4.81959
8591  8.65862
8601  6.43151
8611  7.81965
8621  9.45516
8631  6.77099
8641  5.00479
8651  9.09103
8661  6.04548
8671  5.92099
8681  7.7531
8691  6.64469
8701  4.71939
8711  6.20948
8721  5.96151
8731  4.10529
8741  3.77546
8751  6.59718
8761  7.40152
8771  10.8935
8781  7.26348
8791  6.84821
8801  8.36973
8811  7.76708
8821  9.3402
8831  5.84547
8841  6.14938
8851  7.42928
8861  4.62473
8871  4.63455
8881  9.40287
8891  6.95682
8901  5.29108
8911  5.77886
8921  6.51507
8931  7.21769
8941  6.64313
8951  4.21188
8961  9.87446
8971  6.27897
8981  6.35524
8991  7.27749
9001  4.83937
9011  5.56208
9021  5.32478
9031  5.83187
9041  7.53549
9051  5.25294
9061  7.1841
9071  3.16559
9081  6.75485
9091  6.56471
9101  7.79089
9111  6.21272
9121  7.55272
9131  7.26872
9141  10.8873
9151  7.69061
9161  7.48887
9171  8.67973
9181  5.88776
9191  2.84572
9201  4.85035
9211  7.43328
9221  8.23715
9231  6.04254
9241  5.46794
9251  8.92771
9261  8.30141
9271  5.3216
9281  7.89774
9291  5.03061
9301  6.59252
9311  5.30759
9321  8.98488
9331  7.14309
9341  4.51083
9351  6.22907
9361  8.65138
9371  6.46638
9381  6.39622
9391  6.32514
9401  8.3461
9411  6.90749
9421  6.68412
9431  5.94073
9441  11.8656
9451  4.33444
9461  6.55821
9471  6.61259
9481  8.04853
9491  7.80248
9501  7.25743
9511  3.75997
9521  6.28151
9531  7.16417
9541  7.47932
9551  6.28975
9561  7.00278
9571  3.9629
9581  4.93046
9591  5.68459
9601  4.22418
9611  5.89016
9621  4.85698
9631  3.11872
9641  10.111
9651  7.46881
9661  4.19916
9671  5.99011
9681  6.74875
9691  4.9769
9701  5.80458
9711  5.25027
9721  9.5131
9731  5.19583
9741  7.90508
9751  7.96181
9761  4.7183
9771  7.78572
9781  3.66415
9791  8.2267
9801  9.04564
9811  4.46003
9821  5.60093
9831  9.25305
9841  6.5813
9851  5.42531
9861  6.44923
9871  5.52463
9881  8.40266
9891  7.5275
9901  7.17672
9911  7.35193
9921  5.6075
9931  6.86727
9941  3.6455
9951  9.05664
9961  4.83864
9971  9.10782
9981  7.15708
9991  6.46761
10001  5.09467
10011  4.02028
10021  8.31011
10031  4.4907
10041  7.80472
10051  5.67608
10061  7.19029
10071  6.10974
10081  6.21244
10091  5.64368
10101  9.64131
10111  3.86116
10121  8.1461
10131  8.03386
10141  4.87863
10151  5.48468
10161  6.04248
10171  7.99169
10181  8.59445
10191  6.34333
10201  6.20524
10211  8.72484
10221  6.42062
10231  8.58339
10241  3.90079
10251  7.01612
10261  4.78738
10271  4.5484
10281  7.61965
10291  8.7695
10301  4.57279
10311  2.7043
10321  8.49444
10331  4.79172
10341  6.62681
10351  7.87345
10361  4.23337
10371  6.4258
10381  6.43156
10391  8.81168
10401  4.62632
10411  5.38383
10421  6.3385
10431  5.22384
10441  7.61746
10451  6.47378
10461  7.49037
10471  5.32883
10481  6.5258
10491  3.59337
10501  7.67652
10511  6.82954
10521  9.74496
10531  6.57734
10541  6.04743
10551  3.41111
10561  3.67711
10571  7.192
10581  5.50158
10591  4.04914
10601  4.88822
10611  7.00045
10621  6.54707
10631  4.73646
10641  5.58615
10651  11.0785
10661  7.36967
10671  5.94578
10681  5.84901
10691  7.82088
10701  6.74939
10711  5.19537
10721  5.16658
10731  6.93866
10741  11.7938
10751  6.41482
10761  3.88441
10771  4.74137
10781  8.94013
10791  7.18918
10801  5.69272
10811  6.4712
10821  6.46291
10831  7.94376
10841  7.07519
10851  7.04481
10861  7.01644
10871  5.40977
10881  4.58237
10891  8.01695
10901  5.40779
10911  9.25325
10921  6.92809
10931  6.51316
10941  7.45609
10951  5.85588
10961  5.21317
10971  7.61846
10981  5.95043
10991  5.9195
