1001  7.43646
1011  6.94451
1021  5.3096
1031  4.42214
1041  6.88369
1051  9.30879
1061  7.99358
1071  3.28739
1081  7.55816
1091  4.13108
1101  6.8631
1111  10.1888
1121  6.85826
1131  3.71903
1141  4.89452
1151  7.72459
1161  3.386
1171  6.5968
1181  4.37245
1191  3.69968
1201  7.41316
1211  6.62744
1221  5.9212
1231  10.299
1241  6.95675
1251  6.52359
1261  4.63683
1271  8.62878
1281  8.16685
1291  5.35487
1301  6.00397
1311  6.18914
1321  4.09103
1331  4.57546
1341  5.10575
1351  4.03836
1361  8.88391
1371  8.02179
1381  9.07121
1391  8.93152
1401  7.28758
1411  7.48427
1421  4.86118
1431  6.02116
1441  3.70737
1451  8.92916
1461  5.62607
1471  5.88854
1481  6.98709
1491  5.68253
1501  6.06775
1511  5.91432
1521  8.82508
1531  4.49102
1541  8.74038
1551  5.13375
1561  10.1973
1571  7.14821
1581  7.04081
1591  8.57474
1601  6.43316
1611  8.39081
1621  5.74425
1631  4.50641
1641  6.90643
1651  7.14426
1661  5.0927
1671  5.90317
1681  4.90244
1691  7.28831
1701  9.07044
1711  1.72878
1721  7.42198
1731  8.34259
1741  4.97534
1751  6.01397
1761  6.85599
1771  5.39561
1781  4.65842
1791  7.32172
1801  8.53054
1811  8.49539
1821  5.77328
1831  7.54742
1841  7.66208
1851  6.17809
1861  6.72734
1871  3.56729
1881  6.27702
1891  5.34202
1901  6.53819
1911  6.39864
1921  9.36097
1931  7.7792
1941  6.2138
1951  7.34729
1961  5.0995
1971  4.77589
1981  7.39502
1991  8.81975
2001  7.02163
2011  7.39938
2021  8.5898
2031  6.49285
2041  6.99472
2051  7.79984
2061  8.04077
2071  5.61676
2081  5.72815
2091  5.8138
2101  6.85244
2111  9.03077
2121  3.01281
2131  5.34149
2141  6.12785
2151  5.42393
2161  4.14634
2171  6.32758
2181  6.52061
2191  6.59455
2201  4.97827
2211  6.15228
2221  7.08506
2231  7.87023
2241  5.80084
2251  6.43099
2261  4.79969
2271  5.34467
2281  5.6461
2291  5.64716
2301  5.12042
2311  9.28089
2321  10.6197
2331  8.01847
2341  6.45394
2351  8.34095
2361  8.7957
2371  8.72547
2381  6.03799
2391  8.81189
2401  9.77835
2411  8.43545
2421  5.24444
2431  4.33851
2441  5.97587
2451  4.35276
2461  7.96782
2471  5.53052
2481  6.67151
2491  5.92023
2501  6.42141
2511  6.13399
2521  7.8931
2531  3.78445
2541  5.78106
2551  6.82889
2561  7.10987
2571  6.77679
2581  4.03057
2591  8.3666
2601  7.09343
2611  4.51071
2621  8.13916
2631  6.20058
2641  10.8798
2651  5.13858
2661  4.85569
2671  7.18974
2681  5.38018
2691  7.15433
2701  6.53594
2711  6.10889
2721  5.09692
2731  5.9096
2741  7.47441
2751  7.42522
2761  7.4854
2771  5.6136
2781  4.16125
2791  4.8242
2801  3.33396
2811  7.78264
2821  7.53136
2831  4.93014
2841  5.12916
2851  5.34958
2861  6.36751
2871  6.70373
2881  9.30896
2891  5.24498
2901  7.47356
2911  5.00771
2921  8.89727
2931  4.2852
2941  4.6278
2951  7.5599
2961  4.23192
2971  4.32695
2981  9.2275
2991  6.98599
3001  8.28302
3011  7.56138
3021  5.47484
3031  6.64154
3041  8.59607
3051  3.44086
3061  4.5758
3071  4.20673
3081  5.66399
3091  6.67628
3101  7.93331
3111  7.90652
3121  6.20744
3131  6.08311
3141  6.21712
3151  5.86459
3161  7.48606
3171  9.6356
3181  7.86243
3191  6.97821
3201  7.07652
3211  9.7219
3221  6.79246
3231  6.63576
3241  9.04888
3251  8.52792
3261  4.68825
3271  3.20388
3281  8.40976
3291  7.86978
3301  4.00116
3311  5.27732
3321  5.98629
3331  5.57609
3341  8.38263
3351  4.82681
3361  5.55519
3371  4.09128
3381  4.87324
3391  3.95212
3401  8.55973
3411  5.57073
3421  6.64463
3431  8.56219
3441  5.82036
3451  7.10561
3461  7.22236
3471  7.08168
3481  5.59636
3491  3.44278
3501  8.28258
3511  5.45815
3521  4.93059
3531  6.70204
3541  8.08761
3551  7.99478
3561  8.07906
3571  7.98755
3581  6.04652
3591  7.97403
3601  5.54236
3611  7.44173
3621  10.3377
3631  4.74001
3641  5.42049
3651  5.89835
3661  6.67379
3671  5.12187
3681  6.94969
3691  5.91813
3701  5.13347
3711  5.71247
3721  5.33679
3731  3.93908
3741  4.38708
3751  9.47695
3761  4.96401
3771  8.25679
3781  7.42758
3791  5.43021
3801  5.77948
3811  5.4046
3821  10.3929
3831  7.33793
3841  6.97303
3851  6.92499
3861  5.20572
3871  8.02079
3881  16.4801
3891  6.91167
3901  7.07313
3911  10.9335
3921  8.20814
3931  4.46977
3941  5.31168
3951  8.17818
3961  7.15847
3971  5.42597
3981  6.35687
3991  4.66286
4001  8.89872
4011  6.11144
4021  7.45168
4031  6.80151
4041  4.35664
4051  6.46908
4061  5.89574
4071  6.15382
4081  7.20555
4091  5.50291
4101  6.80749
4111  6.59381
4121  10.499
4131  6.31592
4141  7.8232
4151  5.44337
4161  10.1354
4171  6.58704
4181  7.69675
4191  6.25591
4201  8.5068
4211  6.04188
4221  4.8107
4231  5.37142
4241  5.69628
4251  6.07772
4261  7.30811
4271  5.74804
4281  5.62435
4291  7.34124
4301  10.0598
4311  6.27463
4321  6.5842
4331  6.58828
4341  5.52979
4351  4.69067
4361  9.84268
4371  9.32654
4381  4.89628
4391  5.29307
4401  5.25883
4411  5.65973
4421  2.86681
4431  10.6273
4441  3.77878
4451  5.09834
4461  3.56564
4471  6.68564
4481  7.20422
4491  5.97424
4501  5.56197
4511  6.47632
4521  7.3521
4531  5.67451
4541  5.42456
4551  6.12551
4561  6.75159
4571  4.28989
4581  4.15877
4591  4.78636
4601  8.67716
4611  3.00243
4621  5.95603
4631  7.55036
4641  8.48132
4651  7.88808
4661  4.95617
4671  8.21509
4681  4.99242
4691  5.32071
4701  7.00275
4711  10.1439
4721  6.79645
4731  5.40243
4741  8.53232
4751  4.51763
4761  6.72847
4771  4.24379
4781  4.333
4791  10.313
4801  8.64299
4811  6.83186
4821  5.29522
4831  9.82351
4841  5.04297
4851  9.39431
4861  7.71801
4871  5.90584
4881  8.06525
4891  3.80586
4901  4.68011
4911  5.80641
4921  6.81484
4931  5.80553
4941  6.94362
4951  4.62294
4961  6.13467
4971  6.31563
4981  7.34537
4991  12.1471
5001  4.57356
5011  5.81758
5021  7.52521
5031  5.81337
5041  7.69011
5051  7.99125
5061  5.00153
5071  5.35855
5081  4.46084
5091  8.04329
5101  7.06471
5111  7.83786
5121  6.25862
5131  4.13366
5141  3.5654
5151  5.86334
5161  8.33079
5171  6.15375
5181  7.63516
5191  5.53746
5201  5.04306
5211  5.224
5221  4.42662
5231  5.47993
5241  4.77753
5251  8.04372
5261  6.7123
5271  6.57855
5281  5.85122
5291  7.29166
5301  4.70631
5311  8.22446
5321  8.14598
5331  10.0862
5341  4.57181
5351  7.21869
5361  7.92377
5371  4.84864
5381  6.20456
5391  6.79107
5401  6.56931
5411  6.71437
5421  6.70949
5431  6.02071
5441  7.21498
5451  8.39567
5461  6.06371
5471  4.12021
5481  4.71048
5491  4.72599
5501  9.19455
5511  7.81987
5521  6.8128
5531  5.34837
5541  5.71303
5551  10.0778
5561  5.50623
5571  9.16871
5581  5.39634
5591  5.68923
5601  7.52401
5611  6.11047
5621  6.59958
5631  3.82167
5641  6.78206
5651  6.87611
5661  9.55226
5671  7.66715
5681  9.42236
5691  5.50612
5701  5.85622
5711  6.3039
5721  4.46624
5731  4.60077
5741  4.07987
5751  6.62034
5761  8.92436
5771  7.9714
5781  7.26321
5791  7.48384
5801  7.06639
5811  3.51964
5821  6.59903
5831  7.0834
5841  7.31557
5851  5.5223
5861  5.27287
5871  5.34179
5881  8.48168
5891  4.74244
5901  6.00435
5911  7.96713
5921  6.83012
5931  4.82267
5941  3.92586
5951  8.82827
5961  5.45317
5971  5.38076
5981  8.44395
5991  5.81342
6001  9.57129
6011  7.09115
6021  5.87322
6031  4.69374
6041  6.18554
6051  6.97484
6061  8.37986
6071  8.19286
6081  2.80359
6091  6.57553
6101  8.80759
6111  6.54134
6121  9.1275
6131  3.58328
6141  6.20231
6151  5.97046
6161  4.93339
6171  5.57517
6181  9.75334
6191  8.28216
6201  6.01316
6211  3.89645
6221  5.61689
6231  2.4596
6241  4.29181
6251  5.9037
6261  10.8435
6271  5.52103
6281  4.45408
6291  7.13154
6301  5.72097
6311  8.04454
6321  5.03106
6331  9.96773
6341  8.71821
6351  9.13152
6361  5.30374
6371  3.71819
6381  8.14829
6391  3.82495
6401  10.9294
6411  6.60608
6421  5.35243
6431  6.86242
6441  3.70685
6451  5.78224
6461  5.396
6471  5.24357
6481  6.86828
6491  9.82346
6501  7.80179
6511  9.23422
6521  3.81033
6531  8.72219
6541  6.74501
6551  6.94401
6561  4.65603
6571  5.16159
6581  7.04837
6591  7.85579
6601  7.4257
6611  4.16934
6621  2.87568
6631  8.41625
6641  5.76599
6651  4.27911
6661  6.38838
6671  7.69795
6681  4.96622
6691  6.91553
6701  5.09934
6711  8.40109
6721  8.95497
6731  8.73542
6741  4.698
6751  8.35265
6761  6.48054
6771  5.51608
6781  6.15094
6791  5.55202
6801  4.91943
6811  8.03789
6821  8.73631
6831  4.74935
6841  6.19875
6851  5.75047
6861  3.43053
6871  6.12534
6881  6.27095
6891  6.466
6901  9.0132
6911  7.9792
6921  6.77795
6931  6.91936
6941  5.4416
6951  6.68708
6961  10.3016
6971  5.97056
6981  5.89391
6991  7.79472
7001  6.76377
7011  6.63921
7021  8.01196
7031  5.26195
7041  8.0745
7051  3.65692
7061  4.70106
7071  7.76808
7081  6.03962
7091  5.76437
7101  11.2554
7111  7.48841
7121  7.48495
7131  6.27333
7141  7.43157
7151  5.62241
7161  7.97948
7171  7.36864
7181  7.00224
7191  7.87989
7201  4.89168
7211  6.03238
7221  4.88311
7231  5.71847
7241  3.16547
7251  6.40291
7261  7.38746
7271  8.05221
7281  9.48527
7291  5.11914
7301  8.3191
7311  6.39616
7321  7.97696
7331  7.38106
7341  6.64937
7351  10.528
7361  6.42702
7371  5.72744
7381  3.13108
7391  4.38805
7401  6.41668
7411  4.58704
7421  7.20024
7431  5.28865
7441  5.33266
7451  11.6031
7461  6.8976
7471  6.68169
7481  5.92759
7491  3.48421
7501  5.17661
7511  5.8869
7521  6.85135
7531  7.01683
7541  7.04171
7551  10.7777
7561  7.98901
7571  5.9339
7581  6.41314
7591  4.04947
7601  2.81476
7611  4.16798
7621  4.08664
7631  6.40431
7641  9.92647
7651  7.66924
7661  5.93729
7671  7.02132
7681  6.39919
7691  4.23025
7701  5.01509
7711  8.22953
7721  7.52708
7731  5.04135
7741  4.17491
7751  6.38835
7761  3.89697
7771  5.86048
7781  4.14731
7791  7.65646
7801  5.62596
7811  3.56077
7821  5.11308
7831  3.88688
7841  5.84382
7851  10.0445
7861  8.10454
7871  6.19491
7881  4.49413
7891  11.3531
7901  8.20283
7911  4.01026
7921  2.84577
7931  7.56271
7941  6.79934
7951  4.38067
7961  6.06468
7971  5.74457
7981  6.92924
7991  8.86368
8001  7.24351
8011  8.99194
8021  5.26167
8031  3.30157
8041  7.02021
8051  5.78258
8061  8.43403
8071  5.80759
8081  4.75899
8091  7.12775
8101  6.33503
8111  3.99751
8121  7.86759
8131  4.36745
8141  4.61348
8151  4.90388
8161  4.76911
8171  8.71897
8181  5.28443
8191  5.73768
8201  5.61781
8211  8.19834
8221  4.66161
8231  6.20485
8241  5.12684
8251  7.34321
8261  11.0827
8271  10.0224
8281  4.29764
8291  6.54288
8301  4.55374
8311  8.37231
8321  7.56924
8331  6.63444
8341  9.57077
8351  7.43679
8361  5.31332
8371  4.40378
8381  7.94765
8391  10.1785
8401  4.73427
8411  4.91894
8421  7.91744
8431  9.3611
8441  5.24472
8451  4.62406
8461  9.55078
8471  8.13771
8481  2.57906
8491  6.53314
8501  4.45805
8511  9.21931
8521  10.9259
8531  4.74286
8541  7.92512
8551  9.70448
8561  4.02459
8571  9.71136
8581  5.79979
8591  7.02602
8601  6.37288
8611  5.17731
8621  4.32505
8631  4.38991
8641  5.26251
8651  4.17168
8661  6.84904
8671  5.25845
8681  6.36135
8691  5.92234
8701  6.77724
8711  6.2698
8721  3.93809
8731  5.55107
8741  5.1826
8751  5.81799
8761  9.9641
8771  6.35926
8781  5.31724
8791  8.1255
8801  3.58577
8811  5.99422
8821  3.44571
8831  6.66639
8841  8.32163
8851  3.75023
8861  5.77443
8871  7.15455
8881  6.04127
8891  8.62067
8901  6.8005
8911  6.94151
8921  7.43796
8931  6.0142
8941  7.82999
8951  4.22352
8961  6.12632
8971  5.83873
8981  4.88735
8991  10.0802
9001  7.70306
9011  6.83532
9021  6.08275
9031  6.25827
9041  4.96586
9051  5.24441
9061  10.5324
9071  4.37203
9081  6.52951
9091  7.61947
9101  7.11096
9111  6.53873
9121  6.52184
9131  6.67678
9141  6.80256
9151  4.71079
9161  10.0753
9171  5.18228
9181  4.70846
9191  5.19269
9201  9.77202
9211  5.78174
9221  8.61037
9231  4.41135
9241  7.73393
9251  8.05035
9261  5.20313
9271  8.14668
9281  6.3045
9291  6.67617
9301  8.65432
9311  7.92529
9321  10.8603
9331  5.79689
9341  8.23031
9351  6.67103
9361  7.16777
9371  7.27998
9381  5.7485
9391  7.31373
9401  8.50743
9411  3.5011
9421  4.50063
9431  8.93338
9441  6.05441
9451  7.28399
9461  4.19107
9471  2.96645
9481  8.83884
9491  10.6891
9501  7.18457
9511  8.15277
9521  6.38072
9531  7.4991
9541  3.86831
9551  6.29964
9561  6.89288
9571  8.53715
9581  4.78879
9591  4.30718
9601  4.03097
9611  4.40595
9621  6.34565
9631  5.49859
9641  10.4587
9651  8.25498
9661  4.58797
9671  5.87919
9681  3.31798
9691  7.83183
9701  5.51496
9711  5.73072
9721  4.72072
9731  8.64408
9741  6.49953
9751  4.9108
9761  7.28773
9771  6.08551
9781  6.90191
9791  6.11056
9801  5.85345
9811  6.57524
9821  11.6479
9831  4.789
9841  6.11366
9851  7.73297
9861  6.94411
9871  5.55463
9881  10.9118
9891  5.37618
9901  4.69569
9911  5.72884
9921  8.21882
9931  7.07606
9941  6.37667
9951  5.84547
9961  5.88633
9971  5.69594
9981  6.52207
9991  6.04303
10001  6.61414
10011  5.38966
10021  7.51196
10031  7.63895
10041  10.0887
10051  5.57794
10061  8.36063
10071  5.14153
10081  6.93393
10091  4.28598
10101  8.27054
10111  7.98963
10121  5.86676
10131  7.55317
10141  8.52409
10151  5.60827
10161  3.5409
10171  7.86953
10181  7.64475
10191  8.1352
10201  4.78344
10211  6.46042
10221  6.21478
10231  6.80731
10241  6.42027
10251  8.64124
10261  4.10869
10271  7.05952
10281  5.0537
10291  5.71573
10301  6.20207
10311  3.85809
10321  6.7049
10331  5.50527
10341  4.45667
10351  7.68417
10361  3.28892
10371  6.26032
10381  6.5369
10391  5.83878
10401  3.94223
10411  4.7218
10421  5.71213
10431  7.41958
10441  6.56371
10451  7.96826
10461  5.60088
10471  5.7581
10481  6.14299
10491  6.09408
10501  5.62342
10511  4.42839
10521  7.03169
10531  6.59764
10541  7.74774
10551  5.50149
10561  6.82782
10571  5.77222
10581  4.26859
10591  6.3326
10601  11.6768
10611  8.85407
10621  8.63159
10631  6.5242
10641  3.75215
10651  9.6243
10661  5.7066
10671  7.20299
10681  6.59178
10691  5.97272
10701  7.24801
10711  5.19866
10721  6.30726
10731  4.45142
10741  5.10362
10751  8.356
10761  6.32666
10771  7.74501
10781  6.07093
10791  6.42417
10801  4.8027
10811  5.89002
10821  4.82031
10831  5.38484
10841  8.18752
10851  8.14244
10861  7.3107
10871  6.04871
10881  5.78477
10891  3.19948
10901  4.67383
10911  6.60041
10921  5.16059
10931  4.24429
10941  4.68313
10951  8.56592
10961  6.41841
10971  4.70344
10981  4.66984
10991  5.5304
