1001  5.43969
1011  6.72703
1021  4.34438
1031  5.41314
1041  4.31616
1051  4.75243
1061  6.41858
1071  4.72902
1081  3.8802
1091  4.01397
1101  6.2107
1111  5.64375
1121  4.35934
1131  2.98164
1141  4.12556
1151  4.46944
1161  6.77735
1171  4.45887
1181  4.04697
1191  6.19419
1201  2.69935
1211  2.76012
1221  3.3689
1231  5.73441
1241  9.36529
1251  3.2318
1261  1.88739
1271  3.45543
1281  4.20571
1291  3.44816
1301  2.99127
1311  3.66571
1321  2.73293
1331  2.07881
1341  2.7517
1351  6.11627
1361  4.70216
1371  5.43073
1381  4.13118
1391  4.78491
1401  3.16014
1411  4.65157
1421  4.52052
1431  1.3296
1441  2.94549
1451  5.48302
1461  3.32181
1471  6.09173
1481  4.26276
1491  3.69564
1501  6.42328
1511  4.30553
1521  4.60712
1531  9.40692
1541  3.06559
1551  0.657539
1561  5.08673
1571  5.34264
1581  3.892
1591  4.25775
1601  3.3127
1611  5.77939
1621  5.42864
1631  3.45802
1641  5.51856
1651  6.12674
1661  5.98033
1671  1.60703
1681  5.62244
1691  4.54872
1701  4.36083
1711  6.18389
1721  2.57331
1731  2.2588
1741  3.61333
1751  5.70916
1761  2.65293
1771  3.91621
1781  9.78111
1791  5.29727
1801  4.61648
1811  8.82945
1821  3.57236
1831  4.87502
1841  2.12097
1851  3.50421
1861  2.19602
1871  7.3387
1881  4.30236
1891  2.67921
1901  3.02783
1911  4.79963
1921  7.07832
1931  4.81857
1941  3.99396
1951  4.98413
1961  3.16576
1971  3.26449
1981  4.28582
1991  3.90117
2001  2.90734
2011  4.65247
2021  3.29289
2031  4.05319
2041  3.26678
2051  6.12597
2061  4.77899
2071  8.62787
2081  4.24414
2091  4.12262
2101  3.60044
2111  4.07307
2121  8.92958
2131  2.56402
2141  2.73087
2151  4.49055
2161  5.7952
2171  7.10196
2181  4.9153
2191  6.54713
2201  4.43366
2211  9.44837
2221  2.99798
2231  7.30727
2241  3.6077
2251  7.14506
2261  2.34938
2271  5.36351
2281  4.54801
2291  2.2711
2301  2.9989
2311  4.24434
2321  3.50986
2331  5.83284
2341  3.74108
2351  3.04572
2361  3.81226
2371  4.85191
2381  3.2097
2391  4.20362
2401  3.35569
2411  2.42159
2421  3.92124
2431  2.54099
2441  5.03641
2451  1.64831
2461  3.27816
2471  8.38968
2481  2.85182
2491  4.30187
2501  1.08964
2511  5.49065
2521  4.86713
2531  4.84924
2541  3.28214
2551  0.853195
2561  5.74706
2571  7.66329
2581  2.82775
2591  3.35597
2601  5.6401
2611  5.47701
2621  3.93391
2631  4.79496
2641  4.37185
2651  3.93458
2661  4.50871
2671  6.2123
2681  2.82528
2691  4.84159
2701  3.17595
2711  7.81749
2721  3.0867
2731  4.74452
2741  4.12586
2751  5.10399
2761  4.24994
2771  3.99725
2781  4.67564
2791  3.05024
2801  5.15416
2811  3.74066
2821  2.59268
2831  4.43834
2841  4.65382
2851  3.52954
2861  4.72087
2871  2.36214
2881  5.0927
2891  5.01453
2901  7.92891
2911  5.81442
2921  3.53368
2931  4.52782
2941  5.36254
2951  7.60176
2961  4.1159
2971  3.16532
2981  6.27349
2991  4.0449
3001  10.6008
3011  8.66405
3021  3.22542
3031  3.29205
3041  4.19118
3051  2.8339
3061  3.86251
3071  2.82072
3081  6.86558
3091  3.68416
3101  5.9052
3111  4.77576
3121  5.33352
3131  5.56832
3141  1.83396
3151  2.18421
3161  3.47341
3171  1.62093
3181  3.9851
3191  4.48586
3201  2.27261
3211  5.9687
3221  5.34887
3231  3.98161
3241  7.51315
3251  3.89641
3261  5.15921
3271  4.28437
3281  5.61792
3291  3.19356
3301  5.09905
3311  3.93007
3321  9.85769
3331  4.57739
3341  3.68653
3351  2.25989
3361  3.34294
3371  3.23616
3381  2.86775
3391  2.91189
3401  2.1284
3411  3.42467
3421  4.4144
3431  6.79759
3441  6.94833
3451  7.21501
3461  5.44837
3471  4.45995
3481  6.34799
3491  1.81029
3501  2.37725
3511  8.6479
3521  6.47686
3531  3.76407
3541  4.44601
3551  4.08503
3561  5.90718
3571  3.49721
3581  6.82713
3591  6.49082
3601  4.36513
3611  7.171
3621  3.65046
3631  3.13556
3641  3.82569
3651  1.70594
3661  1.30369
3671  6.21583
3681  3.36967
3691  3.33208
3701  4.45139
3711  3.23039
3721  2.15847
3731  10.1718
3741  4.55394
3751  5.48437
3761  3.44883
3771  4.026
3781  1.73183
3791  4.24768
3801  8.53555
3811  4.39008
3821  5.59497
3831  9.1682
3841  2.96176
3851  2.90754
3861  2.75976
3871  6.25044
3881  3.47981
3891  4.47299
3901  5.63599
3911  4.51362
3921  4.55438
3931  3.09516
3941  6.21945
3951  4.94506
3961  3.30584
3971  4.30359
3981  2.89127
3991  2.52087
4001  3.58275
4011  1.51421
4021  3.99071
4031  4.47554
4041  2.6392
4051  5.06059
4061  10.7686
4071  5.07858
4081  2.09973
4091  3.25259
4101  1.61394
4111  5.44899
4121  5.15851
4131  4.27505
4141  6.1254
4151  9.08602
4161  7.27161
4171  4.14631
4181  2.33347
4191  3.7528
4201  3.10688
4211  1.57629
4221  4.80457
4231  2.79395
4241  4.64076
4251  3.62664
4261  3.99868
4271  8.60246
4281  3.05372
4291  6.18053
4301  6.03709
4311  4.0798
4321  4.38152
4331  7.94693
4341  4.22026
4351  1.94744
4361  5.60624
4371  4.75463
4381  4.56977
4391  2.7866
4401  6.97479
4411  8.58072
4421  6.00062
4431  5.16754
4441  5.07135
4451  3.01707
4461  2.86767
4471  5.32039
4481  3.77575
4491  3.85816
4501  3.73059
4511  6.31663
4521  3.01068
4531  6.59209
4541  6.01266
4551  4.21081
4561  3.03553
4571  5.17767
4581  5.86783
4591  2.3921
4601  4.54569
4611  3.87981
4621  3.3381
4631  2.62835
4641  6.1648
4651  2.21959
4661  4.20965
4671  4.47842
4681  3.7801
4691  4.93059
4701  7.96905
4711  8.80734
4721  1.85183
4731  3.14506
4741  7.44369
4751  3.02542
4761  3.4886
4771  4.28824
4781  5.52066
4791  6.4949
4801  3.24695
4811  4.44865
4821  10.2495
4831  1.76371
4841  3.74336
4851  4.02002
4861  5.32875
4871  1.85758
4881  7.45307
4891  3.8649
4901  1.61228
4911  10.1802
4921  7.23979
4931  6.02651
4941  2.12587
4951  3.03251
4961  7.14869
4971  7.56739
4981  7.4186
4991  2.61039
5001  5.74636
5011  3.7485
5021  3.48625
5031  5.45077
5041  5.52892
5051  2.05896
5061  6.34652
5071  2.85247
5081  1.80738
5091  4.31667
5101  2.70397
5111  2.31704
5121  5.10435
5131  6.033
5141  3.46903
5151  5.46763
5161  7.54588
5171  4.87627
5181  2.71559
5191  4.68538
5201  5.98245
5211  4.7532
5221  4.37159
5231  3.7017
5241  3.34811
5251  2.14224
5261  2.42941
5271  3.59553
5281  6.85517
5291  6.36154
5301  7.47831
5311  3.33022
5321  4.01321
5331  4.14183
5341  3.00775
5351  6.59555
5361  5.40859
5371  3.38926
5381  5.16374
5391  2.09167
5401  4.57349
5411  5.24985
5421  6.91491
5431  3.24469
5441  3.79314
5451  1.97872
5461  4.3141
5471  3.11462
5481  3.79988
5491  4.13448
5501  7.07543
5511  3.69314
5521  9.34321
5531  1.33271
5541  3.71721
5551  2.66276
5561  4.14823
5571  2.12796
5581  4.48332
5591  4.838
5601  5.26166
5611  4.84036
5621  7.20879
5631  2.68364
5641  5.39345
5651  5.07271
5661  2.79417
5671  6.8126
5681  3.26097
5691  4.77823
5701  2.85965
5711  2.90461
5721  5.00076
5731  5.91309
5741  4.37713
5751  4.81399
5761  5.83513
5771  3.4514
5781  2.72235
5791  1.74068
5801  7.28148
5811  3.60974
5821  1.88509
5831  6.12009
5841  5.71056
5851  8.46228
5861  2.28302
5871  3.20251
5881  7.71023
5891  5.3346
5901  4.95138
5911  5.23181
5921  10.2759
5931  3.66492
5941  4.75588
5951  8.81201
5961  4.5488
5971  1.08418
5981  4.22952
5991  3.8831
6001  3.55741
6011  3.42118
6021  7.12641
6031  5.5816
6041  2.27739
6051  9.35562
6061  9.18277
6071  9.90242
6081  1.54397
6091  2.66071
6101  3.6332
6111  2.32001
6121  5.55407
6131  8.3878
6141  5.93902
6151  8.87949
6161  1.65049
6171  2.91611
6181  1.30954
6191  4.09756
6201  6.58315
6211  3.22618
6221  3.40783
6231  5.07424
6241  5.64913
6251  3.44143
6261  6.72304
6271  3.19345
6281  4.30171
6291  5.76286
6301  7.10513
6311  5.03164
6321  6.26295
6331  7.86048
6341  6.56785
6351  2.71449
6361  3.20209
6371  7.00677
6381  4.39543
6391  7.45591
6401  6.92522
6411  1.81467
6421  1.55168
6431  3.82416
6441  1.71931
6451  6.76235
6461  6.98499
6471  3.85276
6481  2.14721
6491  2.53848
6501  1.67076
6511  3.78869
6521  4.99368
6531  3.84389
6541  4.8569
6551  4.76811
6561  5.4094
6571  5.83683
6581  3.72986
6591  5.33533
6601  7.74808
6611  3.90686
6621  8.93735
6631  4.09829
6641  4.20792
6651  5.03458
6661  2.77495
6671  5.01601
6681  8.79086
6691  3.75972
6701  3.48154
6711  6.28746
6721  3.33829
6731  4.43386
6741  6.87443
6751  3.14939
6761  4.75492
6771  2.91205
6781  3.73723
6791  2.97984
6801  3.0137
6811  8.62027
6821  3.96747
6831  5.44783
6841  5.82241
6851  5.63417
6861  3.22956
6871  7.04435
6881  5.10056
6891  8.11449
6901  4.01715
6911  5.39304
6921  4.49446
6931  4.60175
6941  3.683
6951  5.66137
6961  7.54342
6971  2.13178
6981  5.68606
6991  4.76678
7001  7.21481
7011  8.02617
7021  5.80767
7031  4.68734
7041  4.2495
7051  6.9755
7061  2.90264
7071  3.53448
7081  9.96558
7091  1.8572
7101  4.95557
7111  7.76051
7121  3.43768
7131  4.65416
7141  3.44415
7151  3.00804
7161  2.24979
7171  1.44841
7181  1.14243
7191  3.46801
7201  2.33238
7211  5.04417
7221  3.13811
7231  3.48448
7241  4.30445
7251  2.14481
7261  6.2788
7271  4.98906
7281  3.68875
7291  5.43952
7301  5.59951
7311  5.20168
7321  4.77904
7331  4.73694
7341  7.14527
7351  3.60152
7361  5.92511
7371  4.55969
7381  3.45957
7391  3.85624
7401  4.92536
7411  2.02075
7421  2.36406
7431  1.9596
7441  5.52354
7451  7.70748
7461  5.44683
7471  3.50769
7481  2.5274
7491  5.13796
7501  1.69868
7511  7.41285
7521  3.91808
7531  6.6648
7541  2.69839
7551  6.14903
7561  5.0122
7571  7.29658
7581  6.10676
7591  4.85365
7601  1.18361
7611  7.69636
7621  5.64175
7631  8.20182
7641  5.46788
7651  6.29128
7661  9.31348
7671  5.53948
7681  3.65494
7691  2.98293
7701  2.2704
7711  5.89752
7721  1.34342
7731  8.0908
7741  4.78322
7751  4.20061
7761  2.23928
7771  2.79256
7781  3.18549
7791  4.80647
7801  3.20892
7811  4.18641
7821  2.97848
7831  4.49596
7841  3.6829
7851  6.2426
7861  7.82116
7871  7.20667
7881  9.88299
7891  2.82926
7901  5.75378
7911  4.76069
7921  5.35571
7931  2.67222
7941  4.15529
7951  7.68057
7961  3.09257
7971  4.48462
7981  4.15984
7991  4.12489
8001  5.0727
8011  3.26786
8021  2.89789
8031  1.04935
8041  3.74354
8051  2.86651
8061  6.77465
8071  4.83914
8081  5.3444
8091  3.06567
8101  4.13881
8111  3.17783
8121  4.3457
8131  3.94536
8141  3.12182
8151  6.6732
8161  3.78999
8171  5.60627
8181  8.87019
8191  5.36118
8201  2.77224
8211  1.13021
8221  3.34352
8231  8.11271
8241  2.37571
8251  2.90273
8261  4.70955
8271  2.23756
8281  3.5066
8291  5.14255
8301  8.13534
8311  6.89992
8321  2.4594
8331  7.72502
8341  5.46356
8351  2.28699
8361  4.63548
8371  4.99242
8381  3.86791
8391  5.80259
8401  5.55115
8411  5.49028
8421  5.17276
8431  4.29317
8441  8.0237
8451  3.56618
8461  7.82023
8471  3.6861
8481  4.71911
8491  5.0128
8501  5.57799
8511  2.94492
8521  7.5167
8531  3.7765
8541  2.95101
8551  4.92054
8561  4.97156
8571  6.71746
8581  3.45997
8591  4.47138
8601  4.68553
8611  6.15443
8621  8.17033
8631  1.96835
8641  2.09796
8651  2.72845
8661  3.48734
8671  4.50426
8681  1.84298
8691  4.22324
8701  5.25714
8711  4.06541
8721  3.10305
8731  1.17961
8741  6.53854
8751  3.21831
8761  6.4382
8771  5.89843
8781  3.60854
8791  4.74362
8801  10.3634
8811  2.98739
8821  2.82776
8831  3.99376
8841  4.83587
8851  1.22926
8861  3.77624
8871  9.35495
8881  5.44317
8891  2.88006
8901  7.83101
8911  5.58938
8921  2.84275
8931  6.7417
8941  3.3259
8951  2.20739
8961  4.10226
8971  5.4238
8981  5.25677
8991  7.45983
9001  1.08789
9011  5.12548
9021  6.64189
9031  8.05223
9041  7.50252
9051  6.61379
9061  3.10261
9071  9.22426
9081  3.63279
9091  3.47432
9101  4.2139
9111  4.09459
9121  2.01819
9131  6.41545
9141  6.66532
9151  3.93247
9161  2.73735
9171  3.4231
9181  2.03485
9191  2.99612
9201  8.29227
9211  2.74684
9221  3.52697
9231  5.49321
9241  3.79349
9251  2.79336
9261  5.33207
9271  6.94519
9281  5.58312
9291  7.38573
9301  2.03138
9311  4.4977
9321  4.95982
9331  2.55124
9341  7.04638
9351  5.52455
9361  9.75343
9371  6.53598
9381  3.79559
9391  5.9486
9401  4.42583
9411  2.67381
9421  8.13622
9431  4.08612
9441  3.75736
9451  3.41933
9461  3.38581
9471  5.08152
9481  1.93022
9491  2.7261
9501  5.14434
9511  4.99973
9521  7.68522
9531  5.1872
9541  1.14929
9551  6.5982
9561  2.78873
9571  3.52318
9581  5.41872
9591  3.59106
9601  5.50992
9611  4.38751
9621  3.24432
9631  4.40328
9641  8.00367
9651  1.75531
9661  5.19685
9671  7.36689
9681  3.76571
9691  5.82162
9701  6.88686
9711  5.31183
9721  1.84514
9731  2.81242
9741  3.25821
9751  6.39932
9761  5.56856
9771  8.39871
9781  10.8743
9791  4.73212
9801  5.41538
9811  1.92807
9821  2.97724
9831  2.7242
9841  2.19626
9851  5.44136
9861  2.78816
9871  1.90322
9881  3.64958
9891  1.76712
9901  3.42161
9911  6.13898
9921  6.30814
9931  7.01832
9941  4.54523
9951  5.29169
9961  8.28883
9971  3.1128
9981  4.41186
9991  6.2241
10001  1.57065
10011  6.11376
10021  4.72482
10031  4.09941
10041  4.019
10051  3.10454
10061  6.61881
10071  1.91995
10081  6.17962
10091  8.19164
10101  5.95574
10111  2.8202
10121  2.43542
10131  7.80583
10141  8.73841
10151  5.45234
10161  6.00705
10171  2.84231
10181  7.29023
10191  7.06763
10201  5.28724
10211  8.80316
10221  2.33344
10231  2.92713
10241  1.56426
10251  8.79344
10261  4.86175
10271  3.77615
10281  9.63965
10291  6.94411
10301  5.4547
10311  4.22882
10321  3.68053
10331  12.8889
10341  3.10609
10351  1.74202
10361  2.24703
10371  3.1871
10381  4.52478
10391  1.69637
10401  3.64035
10411  6.7446
10421  6.03528
10431  8.51283
10441  5.49596
10451  3.86922
10461  8.41097
10471  6.95801
10481  5.90233
10491  9.06304
10501  3.08353
10511  8.26174
10521  1.38622
10531  8.79472
10541  4.12939
10551  4.53684
10561  3.2035
10571  5.23858
10581  3.60489
10591  3.71436
10601  2.52267
10611  5.44486
10621  4.58179
10631  4.09468
10641  2.9891
10651  8.053
10661  7.78722
10671  8.43365
10681  2.32251
10691  4.38436
10701  5.64502
10711  6.28073
10721  3.53119
10731  2.58759
10741  4.44281
10751  4.23643
10761  7.46172
10771  4.69651
10781  0.944055
10791  8.11966
10801  6.13487
10811  2.06572
10821  3.00141
10831  5.09597
10841  5.23292
10851  4.03392
10861  3.89332
10871  4.34422
10881  1.00988
10891  2.19159
10901  5.74745
10911  8.00986
10921  5.38563
10931  4.36131
10941  7.40989
10951  2.69865
10961  5.76889
10971  4.38165
10981  6.79999
10991  4.26328
