1001  3.36793
1011  2.16089
1021  4.9905
1031  2.57425
1041  6.83582
1051  1.11587
1061  3.25748
1071  1.24351
1081  7.72134
1091  6.28161
1101  4.51568
1111  5.1052
1121  3.8553
1131  5.72528
1141  8.73835
1151  6.62913
1161  5.7485
1171  5.6312
1181  1.73243
1191  1.5132
1201  2.74999
1211  4.18586
1221  5.30731
1231  8.98196
1241  7.67533
1251  3.40866
1261  2.9278
1271  2.441
1281  5.45468
1291  7.65319
1301  3.90171
1311  3.54655
1321  3.76401
1331  5.98276
1341  1.43806
1351  6.19472
1361  1.95625
1371  4.86624
1381  17.7564
1391  8.11918
1401  6.11641
1411  9.08977
1421  4.34176
1431  2.65192
1441  5.10911
1451  4.19697
1461  7.96991
1471  8.64641
1481  5.75874
1491  3.33208
1501  5.5221
1511  3.48001
1521  4.45384
1531  4.27846
1541  3.63614
1551  3.26843
1561  5.52071
1571  4.69101
1581  9.72874
1591  5.5029
1601  4.91454
1611  4.7002
1621  4.41606
1631  5.68839
1641  2.01411
1651  6.24542
1661  2.62264
1671  6.95122
1681  1.59641
1691  4.35998
1701  4.22794
1711  7.90168
1721  5.90621
1731  3.41889
1741  2.02954
1751  3.19191
1761  3.05098
1771  7.13141
1781  3.3564
1791  10.6505
1801  5.27398
1811  3.78124
1821  2.96179
1831  3.42937
1841  3.94289
1851  3.1853
1861  6.53951
1871  6.26777
1881  11.0318
1891  2.7765
1901  6.33157
1911  4.31186
1921  3.164
1931  5.90771
1941  6.82876
1951  4.70233
1961  5.10412
1971  6.27626
1981  5.82054
1991  3.44527
2001  3.27247
2011  5.93708
2021  7.32597
2031  5.80489
2041  4.3051
2051  2.0405
2061  4.07379
2071  6.49999
2081  5.6134
2091  2.55633
2101  5.82898
2111  3.61097
2121  5.57815
2131  5.00856
2141  5.94258
2151  5.02455
2161  3.40145
2171  1.39876
2181  7.52731
2191  4.69949
2201  3.1473
2211  2.90689
2221  5.39186
2231  4.57199
2241  3.99203
2251  4.66631
2261  2.05009
2271  3.68208
2281  2.85852
2291  10.6481
2301  8.19472
2311  4.38649
2321  1.44347
2331  5.14169
2341  6.08861
2351  2.47494
2361  4.31143
2371  5.09718
2381  5.27883
2391  9.80507
2401  5.12209
2411  4.63324
2421  8.0515
2431  2.32326
2441  4.55303
2451  4.69853
2461  4.44415
2471  7.47044
2481  2.08173
2491  1.94528
2501  7.37339
2511  1.27112
2521  3.81919
2531  1.89033
2541  5.70335
2551  4.82434
2561  4.99387
2571  6.21581
2581  3.55659
2591  5.29634
2601  4.15485
2611  4.58481
2621  4.31067
2631  1.93439
2641  4.03452
2651  3.37792
2661  10.02
2671  6.31357
2681  2.83715
2691  5.40832
2701  5.61908
2711  2.52392
2721  2.79652
2731  6.13275
2741  5.11258
2751  1.63441
2761  2.57126
2771  3.29546
2781  2.23053
2791  3.07255
2801  5.18436
2811  3.38542
2821  6.707
2831  4.39839
2841  2.4861
2851  9.76596
2861  7.91805
2871  2.49689
2881  6.68882
2891  2.97089
2901  5.09738
2911  6.02852
2921  1.86202
2931  5.89785
2941  6.07458
2951  3.49745
2961  1.31594
2971  5.76404
2981  4.89515
2991  4.41143
3001  6.30112
3011  3.67521
3021  9.94591
3031  3.55371
3041  4.06679
3051  3.12511
3061  4.58626
3071  4.72295
3081  2.18053
3091  8.24173
3101  3.04905
3111  7.893
3121  5.71611
3131  3.63856
3141  6.35683
3151  6.36987
3161  5.83888
3171  7.87063
3181  4.97211
3191  7.14588
3201  2.55432
3211  3.77394
3221  7.46633
3231  3.02558
3241  4.4456
3251  2.58894
3261  3.57804
3271  5.92117
3281  5.44745
3291  6.22209
3301  5.51192
3311  1.86075
3321  2.5322
3331  7.41925
3341  5.00446
3351  5.56462
3361  3.04356
3371  3.11548
3381  8.99906
3391  1.91994
3401  5.18835
3411  11.261
3421  2.28665
3431  5.43786
3441  5.68106
3451  4.70022
3461  6.76414
3471  8.39397
3481  2.47462
3491  2.09766
3501  2.66623
3511  6.8457
3521  3.64904
3531  5.84037
3541  4.04133
3551  7.04678
3561  4.27228
3571  9.58824
3581  5.85816
3591  3.0786
3601  4.1678
3611  2.69157
3621  3.42371
3631  0.344061
3641  6.2836
3651  4.15103
3661  4.91044
3671  4.77973
3681  1.97847
3691  4.14896
3701  7.70196
3711  4.78845
3721  10.6607
3731  5.36219
3741  5.76799
3751  7.91924
3761  6.73917
3771  4.31336
3781  4.28384
3791  11.403
3801  5.35688
3811  2.60723
3821  3.76185
3831  2.68473
3841  11.1546
3851  3.71219
3861  3.18644
3871  2.80634
3881  5.24965
3891  3.38985
3901  7.45738
3911  4.06859
3921  7.07762
3931  4.66613
3941  4.31701
3951  2.77226
3961  4.06667
3971  4.4961
3981  8.6507
3991  11.0412
4001  5.61925
4011  5.31249
4021  2.73142
4031  5.52012
4041  3.75804
4051  2.21048
4061  3.49072
4071  2.85823
4081  3.51268
4091  5.29384
4101  1.04047
4111  3.30925
4121  3.63168
4131  3.03652
4141  9.28971
4151  4.26571
4161  5.93733
4171  2.60977
4181  4.12052
4191  5.24918
4201  4.99961
4211  3.5807
4221  3.78594
4231  3.96174
4241  5.15219
4251  2.0673
4261  2.97502
4271  5.99195
4281  2.07601
4291  2.88205
4301  3.55035
4311  4.42632
4321  6.76223
4331  5.86903
4341  6.86212
4351  4.10952
4361  8.60828
4371  5.36305
4381  3.83658
4391  1.92179
4401  4.60296
4411  2.56601
4421  3.47984
4431  4.25359
4441  8.76941
4451  6.48043
4461  3.46918
4471  5.13813
4481  3.06662
4491  6.63501
4501  2.6975
4511  6.15619
4521  4.41082
4531  4.67548
4541  3.05649
4551  4.23541
4561  6.63207
4571  1.64832
4581  4.48708
4591  6.72517
4601  6.70957
4611  4.09545
4621  5.9305
4631  4.58436
4641  3.62491
4651  3.36867
4661  4.70655
4671  2.34266
4681  2.89803
4691  8.38222
4701  0.878095
4711  4.65709
4721  5.70777
4731  5.41041
4741  6.97179
4751  4.85107
4761  5.99108
4771  2.08025
4781  6.82967
4791  4.4292
4801  4.06627
4811  3.64408
4821  2.80083
4831  3.15644
4841  7.864
4851  2.63459
4861  5.07385
4871  5.5825
4881  9.67451
4891  3.67227
4901  4.2399
4911  5.18539
4921  4.90315
4931  3.36795
4941  7.72928
4951  6.71225
4961  4.43526
4971  3.16893
4981  4.67799
4991  2.94504
5001  6.70468
5011  3.95361
5021  5.46337
5031  5.30888
5041  2.93801
5051  9.60888
5061  3.38495
5071  10.1953
5081  2.91868
5091  5.71075
5101  5.93221
5111  6.95273
5121  3.48336
5131  2.48591
5141  3.02471
5151  3.10052
5161  9.67239
5171  6.52388
5181  5.70259
5191  6.92095
5201  4.3838
5211  9.1612
5221  5.47787
5231  5.39562
5241  3.94143
5251  2.99305
5261  3.46162
5271  7.78366
5281  2.34143
5291  5.02316
5301  5.6927
5311  2.5065
5321  4.08742
5331  3.74266
5341  2.16741
5351  2.84621
5361  2.74991
5371  4.23995
5381  2.97875
5391  5.22973
5401  9.71307
5411  4.41328
5421  2.57514
5431  8.74365
5441  5.12336
5451  4.80961
5461  6.75099
5471  5.81313
5481  3.59592
5491  6.89611
5501  3.97289
5511  4.07468
5521  3.5647
5531  5.09476
5541  3.5222
5551  4.72879
5561  4.50316
5571  5.63436
5581  1.79248
5591  9.60172
5601  1.51454
5611  8.39718
5621  7.44891
5631  3.69267
5641  5.45094
5651  5.08286
5661  2.44511
5671  5.01125
5681  10.7877
5691  5.67216
5701  2.84402
5711  2.61666
5721  5.9707
5731  4.84861
5741  3.59208
5751  6.74767
5761  5.0084
5771  5.59106
5781  4.69821
5791  6.94237
5801  2.09095
5811  10.1072
5821  2.73568
5831  4.54686
5841  6.27828
5851  5.31894
5861  8.51935
5871  6.73883
5881  3.36822
5891  4.171
5901  7.90982
5911  2.81718
5921  2.45231
5931  4.54869
5941  5.64804
5951  4.65804
5961  4.26576
5971  6.03243
5981  1.50478
5991  2.61458
6001  8.87037
6011  3.95642
6021  4.99825
6031  9.35749
6041  3.48274
6051  5.73381
6061  7.71939
6071  7.72315
6081  3.02147
6091  4.49359
6101  5.71655
6111  5.40442
6121  3.55541
6131  2.62527
6141  9.45721
6151  2.25578
6161  6.50273
6171  4.04004
6181  6.73902
6191  6.79091
6201  4.53705
6211  4.19891
6221  6.58328
6231  4.18346
6241  3.85642
6251  6.87711
6261  2.18466
6271  4.33789
6281  3.74668
6291  4.42466
6301  7.19814
6311  2.53377
6321  2.08748
6331  4.61133
6341  8.40983
6351  4.27002
6361  7.65525
6371  6.06827
6381  3.14246
6391  5.41211
6401  4.34929
6411  6.66991
6421  4.01961
6431  4.53796
6441  3.54637
6451  6.72376
6461  6.46348
6471  1.48756
6481  3.20158
6491  6.81589
6501  5.5407
6511  2.89188
6521  3.20853
6531  1.80937
6541  7.65372
6551  3.19176
6561  2.19725
6571  5.20085
6581  10.3713
6591  5.38356
6601  5.49343
6611  3.70496
6621  8.71092
6631  3.64874
6641  7.23627
6651  4.64779
6661  4.22323
6671  4.60066
6681  3.80817
6691  4.90775
6701  3.11559
6711  2.13652
6721  7.1654
6731  5.52316
6741  3.72345
6751  5.15479
6761  10.7604
6771  4.27903
6781  4.59116
6791  1.74184
6801  6.8702
6811  2.36542
6821  5.78659
6831  4.47451
6841  4.92017
6851  3.66089
6861  4.98925
6871  3.00963
6881  3.63889
6891  6.45363
6901  6.84943
6911  3.08175
6921  4.45717
6931  1.48055
6941  5.08031
6951  3.81761
6961  3.99759
6971  4.0678
6981  4.82811
6991  7.74462
7001  3.51794
7011  3.41191
7021  5.04622
7031  5.70962
7041  4.47326
7051  3.68024
7061  2.89717
7071  3.00989
7081  5.81632
7091  3.96509
7101  3.9311
7111  3.77152
7121  7.13885
7131  3.16787
7141  2.93795
7151  6.5462
7161  3.64887
7171  7.32636
7181  3.52726
7191  2.06852
7201  2.76997
7211  4.63531
7221  2.91492
7231  7.02322
7241  3.37024
7251  5.95334
7261  4.50484
7271  3.79735
7281  5.3253
7291  5.38324
7301  5.11404
7311  5.29522
7321  3.48919
7331  3.11482
7341  3.83962
7351  3.7166
7361  3.63531
7371  1.9593
7381  2.98728
7391  10.0868
7401  3.44804
7411  5.23655
7421  5.84983
7431  4.41323
7441  8.9087
7451  8.09235
7461  7.43956
7471  3.42525
7481  9.692
7491  4.48099
7501  2.61036
7511  7.39078
7521  2.30885
7531  7.81269
7541  2.24762
7551  6.95707
7561  1.95244
7571  4.07592
7581  7.03659
7591  4.72672
7601  8.87381
7611  6.00822
7621  3.66183
7631  2.99451
7641  4.12995
7651  1.61338
7661  4.27098
7671  3.51562
7681  5.41544
7691  6.32794
7701  3.8459
7711  7.0016
7721  3.14982
7731  4.67876
7741  2.08607
7751  5.11781
7761  3.97304
7771  6.54269
7781  4.17998
7791  4.42539
7801  1.64278
7811  4.69074
7821  5.85306
7831  1.20092
7841  2.76806
7851  4.12546
7861  3.16893
7871  3.74608
7881  12.8939
7891  3.89686
7901  5.90902
7911  1.89535
7921  4.54813
7931  4.67213
7941  6.66443
7951  3.60165
7961  2.52934
7971  2.60101
7981  3.83317
7991  4.57272
8001  2.33131
8011  0.866067
8021  5.13354
8031  4.12965
8041  7.21048
8051  4.01028
8061  0.894359
8071  4.82984
8081  6.30451
8091  3.30483
8101  3.85887
8111  1.80896
8121  3.0704
8131  7.79459
8141  8.57918
8151  5.22136
8161  1.9221
8171  4.3324
8181  1.42091
8191  1.68673
8201  3.22257
8211  8.26423
8221  9.28802
8231  3.90252
8241  3.60254
8251  8.81855
8261  7.88168
8271  4.5781
8281  3.70134
8291  8.14227
8301  7.69244
8311  5.05116
8321  5.27348
8331  7.80429
8341  6.21212
8351  5.70758
8361  2.51374
8371  2.69785
8381  8.14318
8391  3.9853
8401  5.62509
8411  3.1432
8421  4.11393
8431  3.13397
8441  6.73004
8451  7.16421
8461  6.445
8471  4.42293
8481  5.67975
8491  2.15318
8501  2.56856
8511  7.12186
8521  5.17073
8531  3.45907
8541  3.61952
8551  6.18773
8561  2.99126
8571  4.91164
8581  3.23259
8591  6.21282
8601  2.90821
8611  5.06286
8621  2.48323
8631  5.95264
8641  5.74929
8651  5.07982
8661  3.73781
8671  5.02339
8681  1.58373
8691  4.40704
8701  3.93648
8711  6.00889
8721  3.96768
8731  8.87604
8741  5.36767
8751  0.862016
8761  3.6411
8771  4.41643
8781  4.57193
8791  4.39518
8801  5.41029
8811  2.76807
8821  3.04018
8831  7.74928
8841  2.82414
8851  7.35297
8861  3.90421
8871  9.25469
8881  5.22878
8891  7.82555
8901  3.25138
8911  10.0401
8921  3.8275
8931  3.01283
8941  3.13598
8951  6.89103
8961  5.43653
8971  4.93078
8981  4.02284
8991  3.15962
9001  6.31131
9011  4.04325
9021  4.25006
9031  2.49151
9041  2.11338
9051  6.09811
9061  3.3429
9071  5.85914
9081  2.80959
9091  6.34016
9101  4.01175
9111  3.53105
9121  1.37282
9131  8.50755
9141  5.24859
9151  7.19795
9161  3.96546
9171  2.43585
9181  2.8678
9191  6.71499
9201  5.40082
9211  1.03508
9221  5.77278
9231  4.91529
9241  6.44593
9251  3.81306
9261  7.7648
9271  4.90195
9281  4.81592
9291  3.78734
9301  2.6984
9311  5.02218
9321  7.80969
9331  6.6637
9341  3.45322
9351  3.01
9361  4.39101
9371  4.52069
9381  2.51519
9391  7.82071
9401  2.36304
9411  5.48202
9421  2.42627
9431  6.52635
9441  2.96754
9451  3.7387
9461  5.30581
9471  4.65918
9481  7.18066
9491  4.42219
9501  4.34225
9511  3.97947
9521  4.9876
9531  2.28493
9541  2.19779
9551  5.20281
9561  7.70767
9571  5.7032
9581  2.99654
9591  7.29215
9601  3.37569
9611  2.55232
9621  4.46485
9631  6.51746
9641  7.63731
9651  6.45804
9661  4.16028
9671  2.95399
9681  5.11824
9691  6.56402
9701  5.03144
9711  9.1557
9721  4.59504
9731  3.31099
9741  5.91036
9751  3.90398
9761  8.45222
9771  1.62644
9781  5.84693
9791  4.01246
9801  2.21928
9811  2.47288
9821  3.84907
9831  4.60986
9841  5.17277
9851  5.0632
9861  1.77749
9871  3.27211
9881  3.97134
9891  2.86375
9901  2.27529
9911  7.74579
9921  2.93721
9931  5.9462
9941  5.10468
9951  2.27823
9961  3.11059
9971  10.0565
9981  5.44072
9991  4.41692
10001  5.13493
10011  5.07535
10021  4.06484
10031  5.63884
10041  2.18735
10051  2.37143
10061  4.94218
10071  2.50539
10081  6.13189
10091  3.54227
10101  5.0722
10111  3.4705
10121  2.45436
10131  5.46372
10141  1.58331
10151  6.23671
10161  3.01594
10171  4.79628
10181  7.1481
10191  4.16104
10201  5.96357
10211  8.29116
10221  2.854
10231  1.84539
10241  4.99316
10251  5.73153
10261  3.54651
10271  5.20141
10281  1.6945
10291  3.7977
10301  3.01969
10311  2.95324
10321  5.02211
10331  1.43315
10341  4.2565
10351  5.2733
10361  8.85486
10371  1.68606
10381  4.1104
10391  3.1535
10401  7.00304
10411  4.18835
10421  2.60519
10431  12.3996
10441  4.29199
10451  3.78259
10461  4.92255
10471  2.5575
10481  5.56508
10491  2.45206
10501  6.9405
10511  9.59917
10521  3.77931
10531  7.30772
10541  4.99578
10551  4.00596
10561  3.64225
10571  4.10259
10581  3.80542
10591  2.52324
10601  3.63739
10611  2.94592
10621  5.14431
10631  4.1477
10641  9.93524
10651  2.33724
10661  8.32218
10671  6.22229
10681  1.77071
10691  9.08077
10701  4.99844
10711  7.01326
10721  2.98638
10731  7.10416
10741  8.47862
10751  2.36614
10761  3.96929
10771  2.73124
10781  5.70921
10791  2.91635
10801  1.15397
10811  4.17807
10821  4.15358
10831  7.20253
10841  6.84524
10851  3.08267
10861  6.9651
10871  0.415544
10881  3.5054
10891  3.39927
10901  2.68212
10911  3.55766
10921  4.17436
10931  4.70171
10941  7.31796
10951  8.11214
10961  4.8602
10971  6.5161
10981  7.16903
10991  3.59456
