1001  8.27219
1011  6.92282
1021  9.39395
1031  6.81879
1041  4.97009
1051  6.71153
1061  7.56753
1071  7.82062
1081  12.038
1091  7.73934
1101  4.00694
1111  6.76538
1121  8.60282
1131  7.8306
1141  11.5519
1151  7.16135
1161  4.65633
1171  6.14533
1181  4.65545
1191  6.0053
1201  3.22717
1211  6.22517
1221  4.33427
1231  4.7295
1241  5.57663
1251  7.33366
1261  11.2521
1271  5.90687
1281  3.596
1291  6.54821
1301  8.883
1311  5.40157
1321  5.48206
1331  6.11646
1341  8.2019
1351  3.67962
1361  6.9223
1371  6.36606
1381  6.01762
1391  7.19954
1401  4.414
1411  5.46648
1421  6.56136
1431  3.21066
1441  7.99976
1451  7.82652
1461  4.59399
1471  7.55133
1481  3.83414
1491  6.47052
1501  4.51994
1511  6.42181
1521  6.14896
1531  5.55303
1541  5.61156
1551  6.85496
1561  8.26314
1571  6.236
1581  9.35542
1591  8.65414
1601  6.52104
1611  4.90685
1621  5.50791
1631  4.42978
1641  9.21773
1651  7.43121
1661  7.56465
1671  4.41734
1681  6.42827
1691  10.0161
1701  4.76815
1711  5.203
1721  5.35459
1731  8.23091
1741  3.55552
1751  10.1207
1761  8.95466
1771  5.97371
1781  9.0091
1791  3.55679
1801  4.68535
1811  3.59632
1821  6.23232
1831  6.96798
1841  7.08846
1851  9.8126
1861  8.61527
1871  6.85075
1881  6.05854
1891  7.37485
1901  8.21943
1911  6.02127
1921  6.22063
1931  6.04031
1941  5.32667
1951  5.20483
1961  5.20341
1971  5.71338
1981  3.89899
1991  6.21452
2001  8.57837
2011  3.97763
2021  6.82209
2031  6.75198
2041  6.22826
2051  6.60926
2061  5.29127
2071  6.79894
2081  4.64991
2091  3.98825
2101  6.74759
2111  6.68664
2121  7.52956
2131  7.86628
2141  5.41692
2151  3.71284
2161  6.44225
2171  8.76284
2181  8.19491
2191  6.77168
2201  3.35041
2211  5.37501
2221  5.66407
2231  6.99566
2241  8.17818
2251  6.34929
2261  6.64486
2271  11.3679
2281  9.16495
2291  7.78805
2301  7.1741
2311  7.05607
2321  3.39873
2331  8.52896
2341  5.52626
2351  8.45958
2361  5.02423
2371  5.85972
2381  7.86185
2391  6.69106
2401  5.9541
2411  5.39902
2421  8.74514
2431  4.40553
2441  7.33468
2451  5.76845
2461  9.19488
2471  6.64738
2481  4.71757
2491  3.80471
2501  9.49158
2511  6.17355
2521  4.35569
2531  5.50736
2541  4.74945
2551  5.95107
2561  7.72534
2571  7.42562
2581  4.82007
2591  9.93032
2601  3.97904
2611  4.97982
2621  7.84308
2631  6.33057
2641  7.99182
2651  8.34426
2661  8.26728
2671  8.09075
2681  6.48916
2691  4.41342
2701  10.3699
2711  5.95806
2721  8.66514
2731  6.2009
2741  9.69531
2751  6.50134
2761  9.37952
2771  4.11844
2781  5.88317
2791  4.48019
2801  8.46674
2811  8.46145
2821  12.4363
2831  3.83275
2841  4.64446
2851  7.6221
2861  6.89442
2871  6.54422
2881  5.44767
2891  6.34395
2901  6.14143
2911  9.18436
2921  6.8269
2931  4.1967
2941  6.21889
2951  4.58406
2961  4.28119
2971  4.98818
2981  3.98733
2991  7.71074
3001  3.69246
3011  6.78593
3021  6.86995
3031  5.83678
3041  7.09766
3051  5.11135
3061  5.06331
3071  6.66298
3081  5.07133
3091  8.18057
3101  8.20065
3111  5.79142
3121  5.23764
3131  7.02394
3141  4.0143
3151  5.78981
3161  7.32218
3171  4.13174
3181  3.99403
3191  7.23007
3201  7.44167
3211  5.13685
3221  7.5085
3231  6.59413
3241  7.06177
3251  4.33606
3261  4.49033
3271  3.68943
3281  4.54095
3291  7.07826
3301  6.62339
3311  3.07404
3321  7.28952
3331  6.06586
3341  5.62496
3351  5.34289
3361  4.00109
3371  4.3609
3381  5.55339
3391  9.30723
3401  6.55263
3411  9.61764
3421  4.66089
3431  7.74149
3441  6.5655
3451  12.648
3461  5.5543
3471  5.29401
3481  7.85363
3491  9.19109
3501  6.86594
3511  7.36087
3521  9.07157
3531  5.01789
3541  9.01907
3551  6.14512
3561  6.79731
3571  5.46595
3581  4.22263
3591  5.73219
3601  7.22603
3611  5.15347
3621  6.40197
3631  5.52203
3641  6.79698
3651  8.28368
3661  7.27781
3671  8.15436
3681  4.96867
3691  6.33214
3701  5.58537
3711  8.57151
3721  3.62698
3731  5.58796
3741  10.5642
3751  7.74691
3761  4.96812
3771  3.76263
3781  6.64275
3791  4.57385
3801  5.76419
3811  3.28052
3821  5.01665
3831  3.09503
3841  4.25167
3851  5.65809
3861  7.60448
3871  6.32051
3881  3.33101
3891  7.9526
3901  3.79016
3911  3.50829
3921  4.8632
3931  8.11258
3941  6.56641
3951  4.02069
3961  5.68073
3971  4.81924
3981  6.43711
3991  5.97634
4001  8.59215
4011  4.26962
4021  5.32121
4031  5.77326
4041  4.34924
4051  8.15158
4061  8.6576
4071  6.83296
4081  5.7414
4091  7.59614
4101  6.4814
4111  7.13484
4121  6.16273
4131  5.15646
4141  4.87043
4151  8.2411
4161  7.81
4171  8.74793
4181  8.46689
4191  6.36842
4201  7.01445
4211  9.46224
4221  7.0124
4231  3.77559
4241  4.88183
4251  6.20212
4261  9.39448
4271  5.63035
4281  9.16201
4291  6.74371
4301  4.87368
4311  9.43336
4321  5.5131
4331  7.15246
4341  3.43187
4351  4.18093
4361  5.47262
4371  7.37152
4381  7.96046
4391  6.29519
4401  5.37875
4411  11.0597
4421  5.66909
4431  5.32847
4441  7.22731
4451  6.30111
4461  4.80266
4471  4.72968
4481  3.22521
4491  8.7425
4501  7.29346
4511  8.54103
4521  7.20589
4531  4.55164
4541  8.17875
4551  5.47269
4561  9.3929
4571  7.85955
4581  7.45925
4591  3.79767
4601  14.1912
4611  7.77163
4621  6.01433
4631  6.06126
4641  8.00144
4651  4.69024
4661  7.28093
4671  13.3329
4681  8.29845
4691  5.65765
4701  8.43691
4711  3.49156
4721  6.57273
4731  6.62966
4741  6.53473
4751  7.7083
4761  5.3571
4771  6.64718
4781  9.59389
4791  4.36754
4801  5.15277
4811  5.28324
4821  6.59047
4831  9.94337
4841  9.49584
4851  7.15467
4861  5.64302
4871  9.21921
4881  7.11068
4891  5.9963
4901  7.89279
4911  4.01389
4921  10.7614
4931  5.97759
4941  6.80611
4951  5.04204
4961  10.1726
4971  7.25109
4981  5.02487
4991  6.3565
5001  7.44034
5011  11.1416
5021  3.74818
5031  6.67612
5041  7.87118
5051  8.83864
5061  7.15043
5071  2.449
5081  4.51777
5091  8.38228
5101  6.16829
5111  9.00937
5121  7.21541
5131  5.57022
5141  5.07109
5151  4.17831
5161  6.45434
5171  5.60366
5181  7.48791
5191  9.1782
5201  7.08494
5211  7.13738
5221  5.67099
5231  5.82144
5241  7.63308
5251  10.4622
5261  6.77773
5271  4.97569
5281  5.76174
5291  5.45418
5301  9.67221
5311  6.94239
5321  7.40716
5331  8.99848
5341  2.98191
5351  10.5585
5361  7.93813
5371  5.02905
5381  9.53567
5391  7.18273
5401  6.30066
5411  5.8944
5421  5.994
5431  5.20928
5441  8.73768
5451  4.23514
5461  7.52262
5471  6.58244
5481  5.74259
5491  9.10211
5501  4.45803
5511  5.45677
5521  5.77988
5531  5.53281
5541  5.28768
5551  4.50517
5561  4.02007
5571  9.41198
5581  5.06562
5591  5.04689
5601  2.72658
5611  7.57727
5621  6.68767
5631  9.01712
5641  3.81288
5651  4.61665
5661  4.9332
5671  10.0494
5681  8.59012
5691  7.784
5701  5.6726
5711  5.92031
5721  4.42745
5731  5.95844
5741  7.42641
5751  7.44334
5761  7.0332
5771  6.13138
5781  4.73568
5791  8.64014
5801  5.99714
5811  5.96821
5821  4.19049
5831  4.90653
5841  7.84398
5851  7.30968
5861  8.34163
5871  6.13659
5881  6.66547
5891  5.13059
5901  4.35602
5911  10.22
5921  7.43035
5931  8.84219
5941  9.49546
5951  4.47717
5961  7.12583
5971  6.31493
5981  5.88614
5991  4.66782
6001  5.83048
6011  6.6805
6021  7.76212
6031  6.0009
6041  7.74784
6051  11.2261
6061  5.82385
6071  5.26259
6081  6.06243
6091  5.02933
6101  5.09149
6111  8.29724
6121  8.44091
6131  9.08518
6141  6.00091
6151  8.36547
6161  3.44193
6171  5.13902
6181  8.95852
6191  7.84693
6201  5.70529
6211  8.61538
6221  6.74909
6231  5.85642
6241  4.60445
6251  11.2317
6261  5.54391
6271  3.87701
6281  6.41374
6291  6.15256
6301  8.41295
6311  3.44155
6321  4.58703
6331  3.98448
6341  3.63676
6351  9.17401
6361  5.63806
6371  6.33055
6381  9.89368
6391  6.17676
6401  6.50091
6411  7.41754
6421  6.55932
6431  6.47207
6441  6.43873
6451  8.57289
6461  7.86487
6471  6.47629
6481  6.85271
6491  7.48877
6501  4.99648
6511  5.03266
6521  5.33442
6531  8.32577
6541  5.92474
6551  10.8497
6561  7.79751
6571  7.59078
6581  6.5783
6591  7.78457
6601  6.01374
6611  11.1154
6621  6.98721
6631  7.57379
6641  5.71883
6651  4.61738
6661  12.8424
6671  5.40957
6681  6.12624
6691  8.34387
6701  8.92393
6711  8.23671
6721  8.90906
6731  4.55498
6741  6.43632
6751  4.5568
6761  6.42785
6771  8.00087
6781  5.34742
6791  4.85664
6801  6.5528
6811  7.16752
6821  8.43078
6831  7.31138
6841  4.73901
6851  5.94298
6861  4.01394
6871  6.50501
6881  6.37706
6891  4.16748
6901  7.49238
6911  11.1893
6921  6.047
6931  6.05691
6941  5.36658
6951  5.75186
6961  7.09139
6971  6.24311
6981  7.23089
6991  4.72893
7001  6.19044
7011  7.01095
7021  6.04669
7031  2.70212
7041  8.04516
7051  6.65155
7061  8.82093
7071  6.35811
7081  6.94466
7091  4.59892
7101  9.51656
7111  6.12506
7121  8.53166
7131  6.97959
7141  6.71221
7151  4.5311
7161  8.35353
7171  5.52007
7181  4.93953
7191  6.04006
7201  6.1333
7211  7.65722
7221  6.86368
7231  7.26952
7241  5.96406
7251  3.32023
7261  8.5111
7271  8.16273
7281  6.20985
7291  6.312
7301  6.22201
7311  5.52084
7321  7.72992
7331  6.70697
7341  5.62663
7351  9.0274
7361  8.81938
7371  8.72649
7381  6.53447
7391  5.48744
7401  11.0374
7411  8.116
7421  7.42377
7431  5.20153
7441  4.76835
7451  3.6424
7461  2.17592
7471  5.11451
7481  6.47426
7491  6.09897
7501  8.48468
7511  8.6286
7521  9.40695
7531  3.86302
7541  6.01036
7551  6.90003
7561  6.12153
7571  4.65514
7581  3.77684
7591  6.94853
7601  11.218
7611  6.91579
7621  5.93425
7631  5.68674
7641  6.16361
7651  6.56142
7661  6.3264
7671  7.74369
7681  4.94349
7691  8.25448
7701  8.34988
7711  9.07608
7721  5.1949
7731  7.3039
7741  6.14095
7751  4.61094
7761  3.57732
7771  5.24474
7781  5.68431
7791  4.55965
7801  5.4387
7811  4.79103
7821  5.17381
7831  6.82888
7841  9.63827
7851  4.74876
7861  3.14009
7871  6.05413
7881  4.51112
7891  6.02059
7901  6.39689
7911  9.0644
7921  6.45192
7931  4.20214
7941  9.87027
7951  6.1544
7961  5.10025
7971  7.36739
7981  7.27983
7991  6.34215
8001  7.7576
8011  9.86361
8021  6.25131
8031  6.57587
8041  8.36225
8051  4.86965
8061  6.78162
8071  4.27861
8081  6.9083
8091  6.55291
8101  3.46598
8111  6.72575
8121  11.0528
8131  8.61
8141  6.49444
8151  4.62801
8161  4.69386
8171  4.2884
8181  4.74445
8191  7.337
8201  3.81909
8211  7.38758
8221  10.6739
8231  7.55461
8241  6.7511
8251  6.26845
8261  9.47819
8271  6.35794
8281  9.87681
8291  3.5035
8301  4.07244
8311  4.45699
8321  5.79557
8331  7.68652
8341  6.9677
8351  5.43414
8361  7.72017
8371  5.69436
8381  5.65849
8391  8.82501
8401  4.8891
8411  6.3069
8421  7.5545
8431  5.86883
8441  10.1575
8451  11.5854
8461  6.13801
8471  4.89716
8481  4.24371
8491  9.381
8501  7.58576
8511  5.14562
8521  7.99349
8531  6.58145
8541  6.62865
8551  4.38329
8561  6.10916
8571  9.97131
8581  8.49073
8591  5.13498
8601  4.9188
8611  7.91884
8621  7.26151
8631  6.70391
8641  8.49562
8651  4.42028
8661  8.29421
8671  7.60635
8681  5.63413
8691  5.82377
8701  7.81813
8711  8.47719
8721  6.26976
8731  3.97085
8741  4.06171
8751  4.91126
8761  6.36845
8771  7.09346
8781  6.57933
8791  5.29233
8801  9.55646
8811  11.68
8821  7.20298
8831  5.49036
8841  6.07565
8851  7.17911
8861  3.99884
8871  5.7049
8881  3.04438
8891  5.49407
8901  4.35684
8911  8.81681
8921  9.11618
8931  4.52954
8941  5.54033
8951  6.93704
8961  5.42952
8971  9.57078
8981  7.07047
8991  6.39669
9001  7.2558
9011  3.64353
9021  8.50527
9031  9.08382
9041  6.12536
9051  6.67926
9061  5.60084
9071  7.34251
9081  5.70494
9091  4.72475
9101  6.2066
9111  5.29289
9121  9.29546
9131  6.1515
9141  9.57454
9151  5.49617
9161  7.66555
9171  5.92586
9181  4.77687
9191  5.50917
9201  5.83864
9211  6.30662
9221  3.64004
9231  6.92544
9241  3.34559
9251  12.6159
9261  4.54718
9271  7.77683
9281  6.29952
9291  6.45336
9301  9.57888
9311  5.43819
9321  5.92991
9331  7.59737
9341  5.01828
9351  5.5888
9361  7.65494
9371  8.72419
9381  8.90687
9391  8.66892
9401  6.09584
9411  5.25126
9421  5.78444
9431  7.30861
9441  3.26964
9451  7.52925
9461  9.32491
9471  3.132
9481  6.82252
9491  7.12051
9501  8.60623
9511  9.90687
9521  11.3083
9531  6.61447
9541  5.4334
9551  4.5888
9561  10.2546
9571  5.48672
9581  5.03797
9591  10.741
9601  5.69934
9611  11.0333
9621  5.06256
9631  5.19288
9641  9.31633
9651  6.20059
9661  7.47904
9671  3.54778
9681  6.85491
9691  6.26862
9701  5.52225
9711  7.59027
9721  7.1475
9731  4.88887
9741  4.36264
9751  7.49579
9761  9.63236
9771  10.1333
9781  7.07604
9791  9.18387
9801  4.41977
9811  8.42118
9821  6.50633
9831  7.43049
9841  5.17333
9851  4.88722
9861  6.76989
9871  7.20595
9881  6.11729
9891  5.73909
9901  7.73077
9911  10.7404
9921  4.904
9931  3.80392
9941  6.45374
9951  2.81768
9961  7.18991
9971  4.3844
9981  8.98274
9991  8.40469
10001  4.45267
10011  5.13732
10021  4.51933
10031  7.88722
10041  6.82649
10051  5.12578
10061  7.3499
10071  6.42133
10081  7.62956
10091  4.50874
10101  4.97347
10111  3.77354
10121  4.2398
10131  6.80424
10141  7.96265
10151  5.68632
10161  8.9953
10171  8.09601
10181  5.14464
10191  6.76973
10201  5.1415
10211  5.74787
10221  7.09836
10231  6.46529
10241  7.31679
10251  6.99312
10261  6.45467
10271  5.11858
10281  6.6559
10291  5.72691
10301  2.61865
10311  8.28285
10321  6.97164
10331  4.29769
10341  7.58394
10351  5.49233
10361  7.26825
10371  4.25853
10381  5.23273
10391  10.299
10401  7.91815
10411  8.48835
10421  9.91939
10431  12.2672
10441  7.25062
10451  5.52163
10461  9.96002
10471  7.3472
10481  3.98558
10491  6.0788
10501  7.6552
10511  7.27755
10521  4.70631
10531  6.96505
10541  3.99205
10551  4.03819
10561  7.86262
10571  6.27196
10581  7.88793
10591  8.36524
10601  3.13488
10611  6.65628
10621  7.78906
10631  8.23795
10641  4.55478
10651  6.83648
10661  3.80471
10671  4.87498
10681  4.75976
10691  10.5307
10701  6.85911
10711  9.32849
10721  5.81712
10731  6.77554
10741  9.08772
10751  12.1912
10761  7.60873
10771  5.55485
10781  8.29619
10791  10.9579
10801  7.00124
10811  4.00041
10821  10.1609
10831  6.51098
10841  8.41632
10851  6.20123
10861  6.73466
10871  7.25236
10881  7.87693
10891  7.11667
10901  4.85059
10911  5.52304
10921  7.70953
10931  3.73202
10941  5.81929
10951  5.21517
10961  9.54656
10971  6.37887
10981  7.52639
10991  5.044
