1001  22.7591
1011  47.4537
1021  41.1005
1031  34.5908
1041  22.2191
1051  45.2709
1061  40.4733
1071  24.6335
1081  31.7717
1091  25.9672
1101  19.1987
1111  50.485
1121  36.3237
1131  23.2054
1141  22.1255
1151  26.5708
1161  31.8799
1171  30.7804
1181  44.6702
1191  28.0354
1201  39.0576
1211  29.4638
1221  19.2603
1231  30.6081
1241  31.0451
1251  34.7321
1261  41.8359
1271  32.218
1281  14.7281
1291  41.8209
1301  19.5062
1311  35.2873
1321  19.8008
1331  37.2113
1341  32.4212
1351  17.8654
1361  51.0116
1371  40.6039
1381  35.9113
1391  36.5004
1401  19.8373
1411  22.9136
1421  21.7604
1431  17.8951
1441  20.852
1451  27.9553
1461  44.5147
1471  31.7693
1481  24.8475
1491  21.0615
1501  29.1591
1511  28.735
1521  32.529
1531  32.1727
1541  27.6212
1551  24.3529
1561  26.989
1571  42.6176
1581  19.6874
1591  23.3394
1601  10.2719
1611  37.5634
1621  26.4587
1631  20.3082
1641  39.6407
1651  29.4093
1661  26.3537
1671  30.3635
1681  2.8944
1691  26.4435
1701  22.9091
1711  36.7249
1721  59.1902
1731  28.4059
1741  15.8814
1751  33.3477
1761  33.342
1771  24.8545
1781  48.2529
1791  31.1852
1801  18.1837
1811  24.6049
1821  37.5896
1831  33.4133
1841  23.5314
1851  12.918
1861  28.2686
1871  25.2626
1881  30.6348
1891  27.4348
1901  27.5659
1911  30.0747
1921  35.7103
1931  33.9435
1941  29.572
1951  31.4388
1961  32.5874
1971  28.6768
1981  36.1965
1991  11.5927
2001  29.9917
2011  36.034
2021  54.2137
2031  12.8723
2041  26.8651
2051  27.8776
2061  18.0069
2071  31.546
2081  37.9509
2091  27.1967
2101  30.2576
2111  34.6165
2121  41.8437
2131  25.6047
2141  33.849
2151  35.9923
2161  30.8124
2171  28.4634
2181  49.0391
2191  37.1293
2201  26.1752
2211  39.599
2221  32.672
2231  31.9878
2241  29.1673
2251  40.197
2261  36.5141
2271  38.3379
2281  36.3888
2291  43.4349
2301  25.4705
2311  38.7218
2321  10.7748
2331  29.4124
2341  27.3548
2351  13.2076
2361  44.2851
2371  33.0995
2381  21.4964
2391  37.4521
2401  43.4489
2411  31.2831
2421  37.5025
2431  26.1005
2441  28.0886
2451  50.8123
2461  30.7843
2471  35.5
2481  30.2579
2491  40.9679
2501  17.6869
2511  30.9318
2521  33.9983
2531  23.9677
2541  46.125
2551  27.7145
2561  35.033
2571  44.7336
2581  21.7525
2591  25.1587
2601  20.2455
2611  30.0813
2621  20.8462
2631  25.8273
2641  21.9417
2651  31.1432
2661  30.7464
2671  29.148
2681  21.1142
2691  21.0871
2701  45.999
2711  28.0676
2721  13.8863
2731  38.1421
2741  21.2329
2751  30.0617
2761  40.7215
2771  36.9378
2781  34.6364
2791  27.5245
2801  32.7492
2811  15.4097
2821  15.2597
2831  20.8765
2841  13.4546
2851  43.1952
2861  35.1156
2871  34.286
2881  36.8406
2891  33.1063
2901  43.6639
2911  41.8824
2921  32.3185
2931  28.4671
2941  15.8619
2951  18.4434
2961  46.0991
2971  29.0946
2981  37.0824
2991  25.6861
3001  31.5209
3011  26.2064
3021  39.0106
3031  31.5161
3041  28.3788
3051  29.9968
3061  26.2837
3071  16.6683
3081  31.5407
3091  24.9226
3101  9.8091
3111  28.8384
3121  28.704
3131  38.6426
3141  37.6831
3151  24.5882
3161  28.1015
3171  27.106
3181  7.49202
3191  32.867
3201  20.9875
3211  29.1367
3221  50.5408
3231  38.4064
3241  34.6623
3251  41.1493
3261  32.2794
3271  29.3551
3281  34.3596
3291  32.2485
3301  32.5019
3311  45.3519
3321  38.6531
3331  22.166
3341  29.8226
3351  22.9834
3361  24.0775
3371  38.0078
3381  24.4273
3391  26.9876
3401  26.1155
3411  28.1128
3421  29.7712
3431  11.0037
3441  31.434
3451  30.9401
3461  44.1282
3471  36.4017
3481  34.7703
3491  19.2458
3501  28.1546
3511  24.9278
3521  46.0007
3531  48.2814
3541  34.7163
3551  27.1824
3561  48.3272
3571  34.3304
3581  48.2716
3591  42.6551
3601  44.6426
3611  19.2881
3621  38.5291
3631  29.8077
3641  24.953
3651  29.7966
3661  36.5401
3671  43.7571
3681  26.9347
3691  31.215
3701  23.429
3711  27.8782
3721  29.4058
3731  16.7674
3741  20.7963
3751  40.4779
3761  9.38412
3771  13.9826
3781  24.0239
3791  27.4055
3801  32.1795
3811  24.2464
3821  26.2102
3831  29.4967
3841  40.5954
3851  1.33284
3861  23.767
3871  38.8448
3881  20.5037
3891  36.0556
3901  45.2427
3911  34.9776
3921  16.3525
3931  23.2876
3941  33.5722
3951  38.6359
3961  31.7172
3971  36.3947
3981  24.3342
3991  10.7797
4001  11.8079
4011  24.7156
4021  25.3332
4031  30.3265
4041  20.5822
4051  21.1813
4061  36.1364
4071  41.2956
4081  31.8103
4091  26.8723
4101  45.5359
4111  17.3622
4121  47.2051
4131  21.0549
4141  29.417
4151  32.928
4161  21.1851
4171  26.6742
4181  26.3108
4191  13.5735
4201  18.28
4211  36.093
4221  47.2229
4231  28.3683
4241  27.7518
4251  26.0277
4261  24.8535
4271  22.2858
4281  8.92142
4291  32.331
4301  23.1966
4311  31.5754
4321  28.1556
4331  39.7477
4341  34.9088
4351  41.973
4361  29.9433
4371  32.376
4381  30.8739
4391  31.8126
4401  19.8743
4411  35.93
4421  26.0407
4431  39.6617
4441  14.267
4451  35.1065
4461  35.5521
4471  28.0426
4481  39.9913
4491  43.5594
4501  20.8692
4511  34.1842
4521  26.072
4531  26.5027
4541  34.0324
4551  38.4193
4561  29.8707
4571  36.2274
4581  25.1041
4591  21.315
4601  35.226
4611  56.1654
4621  28.2224
4631  35.7247
4641  32.217
4651  14.0934
4661  38.5268
4671  39.4539
4681  21.9864
4691  13.9681
4701  22.3448
4711  14.4013
4721  38.2031
4731  14.9104
4741  42.1398
4751  54.9561
4761  22.328
4771  22.1163
4781  29.565
4791  24.6014
4801  34.9079
4811  23.1252
4821  27.8749
4831  24.691
4841  36.9742
4851  23.1783
4861  36.492
4871  33.7429
4881  31.3852
4891  35.5971
4901  19.105
4911  19.4734
4921  23.8766
4931  40.3199
4941  43.8382
4951  43.0952
4961  22.4245
4971  48.5032
4981  41.4476
4991  54.2832
5001  30.7988
5011  44.608
5021  31.8777
5031  24.6428
5041  24.0011
5051  33.6911
5061  21.2452
5071  34.4689
5081  23.1044
5091  35.5982
5101  9.76495
5111  16.9393
5121  17.0235
5131  40.3153
5141  24.6884
5151  33.7052
5161  20.5917
5171  22.2401
5181  20.535
5191  21.1869
5201  24.2919
5211  41.2703
5221  18.1359
5231  32.3011
5241  33.1005
5251  34.9445
5261  30.8093
5271  30.5669
5281  24.6542
5291  24.499
5301  41.5212
5311  35.646
5321  15.8501
5331  27.7211
5341  44.0315
5351  39.8265
5361  28.0275
5371  32.6254
5381  42.4798
5391  42.0864
5401  9.21296
5411  11.7473
5421  32.959
5431  35.2471
5441  51.2329
5451  10.1328
5461  38.5302
5471  42.9645
5481  45.1238
5491  35.3376
5501  22.9155
5511  50.1445
5521  22.1414
5531  37.7374
5541  21.7498
5551  23.265
5561  48.4231
5571  41.9795
5581  38.1727
5591  25.438
5601  37.7763
5611  31.0161
5621  32.7961
5631  33.0206
5641  47.3405
5651  24.1276
5661  34.6658
5671  36.1434
5681  29.1553
5691  24.5679
5701  24.8814
5711  23.3544
5721  19.3489
5731  20.9295
5741  13.3946
5751  24.5406
5761  36.6395
5771  30.7068
5781  21.2475
5791  41.067
5801  33.8682
5811  20.0257
5821  24.8804
5831  22.9166
5841  14.1773
5851  40.826
5861  32.0117
5871  35.9059
5881  35.6029
5891  27.1536
5901  28.188
5911  34.0717
5921  29.516
5931  22.617
5941  24.4767
5951  34.842
5961  44.6778
5971  31.6176
5981  33.3507
5991  32.6469
6001  30.9669
6011  26.8948
6021  37.8424
6031  34.9248
6041  28.8133
6051  53.9768
6061  17.8513
6071  41.9216
6081  28.0467
6091  37.0387
6101  46.5679
6111  30.1019
6121  34.7569
6131  20.8869
6141  13.6196
6151  31.796
6161  19.3877
6171  31.0457
6181  20.5916
6191  18.8536
6201  26.5958
6211  44.1792
6221  45.9746
6231  26.588
6241  39.7397
6251  18.1523
6261  20.4889
6271  6.83275
6281  26.2303
6291  27.6146
6301  40.37
6311  29.8434
6321  26.0288
6331  37.5404
6341  22.3833
6351  27.076
6361  29.9655
6371  18.5917
6381  37.7014
6391  22.2694
6401  36.0784
6411  19.9715
6421  29.6233
6431  24.3286
6441  26.6956
6451  38.5428
6461  29.4475
6471  29.0973
6481  20.2812
6491  29.0621
6501  36.3976
6511  42.2346
6521  35.3751
6531  35.2387
6541  22.704
6551  28.0167
6561  37.0492
6571  10.4434
6581  26.2197
6591  16.5406
6601  24.6986
6611  51.259
6621  30.1447
6631  30.245
6641  25.8635
6651  31.2582
6661  24.8591
6671  23.1788
6681  46.518
6691  31.6652
6701  15.0579
6711  27.9455
6721  21.2831
6731  32.2503
6741  32.6146
6751  34.6144
6761  18.4671
6771  27.3631
6781  30.5174
6791  31.9562
6801  31.3297
6811  18.5463
6821  17.913
6831  30.5092
6841  34.8694
6851  30.8319
6861  47.8256
6871  21.0771
6881  33.093
6891  43.5584
6901  22.8707
6911  29.3306
6921  20.3549
6931  9.47632
6941  35.4051
6951  29.9962
6961  29.9784
6971  36.6986
6981  35.2667
6991  14.277
7001  27.9291
7011  33.5578
7021  32.2563
7031  39.0937
7041  31.0962
7051  18.4149
7061  34.8157
7071  29.2096
7081  22.3102
7091  30.7796
7101  34.4056
7111  26.5148
7121  19.5187
7131  35.8641
7141  16.7187
7151  34.4211
7161  16.0753
7171  17.8065
7181  38.323
7191  31.9092
7201  28.0589
7211  30.8791
7221  38.2587
7231  30.4176
7241  26.0722
7251  46.3993
7261  22.1718
7271  44.4955
7281  23.0949
7291  34.9585
7301  23.7987
7311  33.8926
7321  28.8393
7331  22.4569
7341  27.8201
7351  21.6647
7361  31.0238
7371  24.9485
7381  22.1916
7391  36.2013
7401  24.9261
7411  38.1271
7421  30.2644
7431  25.847
7441  32.9262
7451  11.3228
7461  28.4523
7471  29.2993
7481  38.1312
7491  41.1862
7501  21.4378
7511  35.6122
7521  32.4145
7531  23.3257
7541  28.0616
7551  43.6299
7561  39.8454
7571  6.91002
7581  20.4048
7591  21.3198
7601  22.063
7611  37.509
7621  26.4431
7631  30.5086
7641  13.175
7651  18.0366
7661  28.5735
7671  43.5773
7681  25.7757
7691  33.6129
7701  39.4843
7711  52.1415
7721  26.7938
7731  23.7391
7741  26.798
7751  31.3206
7761  41.1229
7771  29.5065
7781  31.8254
7791  24.4587
7801  26.4484
7811  29.3356
7821  41.7584
7831  20.2839
7841  30.9564
7851  31.0961
7861  24.0069
7871  12.8953
7881  39.0946
7891  17.8481
7901  19.2141
7911  29.0535
7921  19.1376
7931  34.1888
7941  50.3389
7951  34.1198
7961  36.662
7971  23.6495
7981  16.4268
7991  42.4626
8001  20.9906
8011  36.1441
8021  34.5297
8031  40.5884
8041  36.0329
8051  36.3718
8061  26.2479
8071  26.4322
8081  9.09149
8091  33.2956
8101  10.4654
8111  42.6657
8121  25.4816
8131  26.4883
8141  26.4781
8151  8.23968
8161  29.6252
8171  31.0198
8181  38.9308
8191  48.3356
8201  30.2832
8211  30.5712
8221  35.8002
8231  24.9677
8241  19.2782
8251  31.8673
8261  29.971
8271  19.137
8281  27.296
8291  31.6125
8301  41.4415
8311  33.9951
8321  43.3537
8331  31.7324
8341  54.4519
8351  35.5619
8361  25.3979
8371  39.1766
8381  12.4087
8391  15.7889
8401  42.6057
8411  27.0909
8421  41.4518
8431  31.1565
8441  23.9708
8451  40.0237
8461  29.7308
8471  31.9473
8481  53.1884
8491  28.0641
8501  29.3675
8511  35.6316
8521  20.2073
8531  26.695
8541  40.6963
8551  35.2204
8561  25.5832
8571  31.4826
8581  20.1472
8591  28.6533
8601  44.252
8611  21.9801
8621  48.2896
8631  36.3453
8641  30.631
8651  20.1611
8661  36.1356
8671  22.1486
8681  15.0142
8691  31.727
8701  15.1095
8711  20.6226
8721  28.0527
8731  40.8722
8741  25.1542
8751  31.1293
8761  37.8333
8771  45.6964
8781  21.3425
8791  31.4758
8801  17.5722
8811  23.0342
8821  29.8797
8831  51.909
8841  28.2883
8851  28.1691
8861  22.7767
8871  18.8576
8881  26.3283
8891  35.8224
8901  44.2085
8911  38.8838
8921  23.045
8931  34.5135
8941  29.7032
8951  34.8169
8961  26.371
8971  23.0662
8981  21.5991
8991  34.6807
9001  19.1514
9011  23.9747
9021  23.2288
9031  39.2144
9041  27.7662
9051  27.1752
9061  23.8225
9071  31.7779
9081  55.0341
9091  23.8271
9101  23.7586
9111  27.7957
9121  32.8669
9131  39.3159
9141  39.2707
9151  19.0799
9161  25.6089
9171  32.8209
9181  37.5272
9191  19.6492
9201  22.0973
9211  22.1604
9221  31.204
9231  27.5733
9241  32.7101
9251  23.1186
9261  28.2224
9271  43.2199
9281  30.3156
9291  40.4476
9301  42.1337
9311  42.0003
9321  51.6801
9331  31.6831
9341  24.3569
9351  35.474
9361  31.4287
9371  14.8708
9381  30.273
9391  35.5922
9401  34.6483
9411  24.418
9421  36.5032
9431  27.2679
9441  19.185
9451  44.2871
9461  24.2116
9471  30.1689
9481  46.2751
9491  16.2047
9501  25.2576
9511  23.7821
9521  24.1842
9531  37.47
9541  25.7953
9551  42.2168
9561  34.7453
9571  36.1475
9581  21.1217
9591  39.1607
9601  28.8024
9611  34.8421
9621  43.2092
9631  19.0082
9641  30.0958
9651  39.0241
9661  27.6671
9671  36.3159
9681  30.4131
9691  37.4272
9701  39.4899
9711  46.0047
9721  25.4279
9731  17.154
9741  25.627
9751  7.55127
9761  14.5655
9771  23.9955
9781  35.8555
9791  40.7801
9801  31.9418
9811  25.693
9821  22.6064
9831  41.6992
9841  18.1608
9851  22.6292
9861  23.3154
9871  35.5349
9881  36.349
9891  48.8184
9901  25.0227
9911  46.4401
9921  30.1022
9931  37.1295
9941  33.5126
9951  31.3149
9961  23.7326
9971  30.9683
9981  22.1939
9991  27.0838
10001  28.9823
10011  16.4141
10021  24.7158
10031  34.7646
10041  32.9595
10051  39.2906
10061  40.0782
10071  27.3501
10081  8.74916
10091  32.2764
10101  27.7231
10111  36.6359
10121  34.2085
10131  30.9745
10141  30.5779
10151  37.4128
10161  37.4713
10171  24.6898
10181  24.5757
10191  33.7134
10201  27.9048
10211  46.6532
10221  35.4237
10231  49.2502
10241  40.9674
10251  31.5518
10261  32.468
10271  23.4028
10281  43.2487
10291  15.6107
10301  31.2287
10311  42.4481
10321  16.2515
10331  18.7576
10341  23.9556
10351  23.6083
10361  35.4078
10371  23.4376
10381  32.0988
10391  30.1754
10401  33.0108
10411  21.9507
10421  48.8956
10431  25.979
10441  29.1148
10451  28.5556
10461  39.6366
10471  35.5968
10481  22.4048
10491  32.7177
10501  32.8922
10511  37.3019
10521  49.556
10531  41.914
10541  44.3402
10551  29.8709
10561  26.6469
10571  19.2803
10581  37.7282
10591  31.6635
10601  35.1226
10611  19.8561
10621  40.4738
10631  32.3149
10641  28.0063
10651  30.7284
10661  33.6869
10671  24.1361
10681  20.8064
10691  22.6159
10701  24.4464
10711  38.3967
10721  35.9185
10731  14.2186
10741  43.6656
10751  43.2511
10761  41.1372
10771  31.7668
10781  8.75345
10791  33.4406
10801  24.5301
10811  29.7464
10821  20.7971
10831  39.8477
10841  30.1947
10851  31.0717
10861  39.6774
10871  21.019
10881  43.5121
10891  32.6882
10901  39.1035
10911  29.0219
10921  5.96781
10931  12.7482
10941  31.7249
10951  40.1978
10961  19.038
10971  36.5547
10981  33.8147
10991  33.5615
1001  38.2083
1011  25.4948
1021  23.1081
1031  34.7595
1041  29.4307
1051  25.7982
1061  30.4992
1071  34.2926
1081  26.3604
1091  29.7038
1101  33.1675
1111  28.2051
1121  18.7772
1131  32.6299
1141  29.5796
1151  30.5797
1161  29.6626
1171  24.1512
1181  30.5518
1191  29.0748
1201  30.1886
1211  31.387
1221  37.7022
1231  27.3462
1241  30.2402
1251  28.416
1261  27.5605
1271  23.9554
1281  35.8982
1291  19.6682
1301  38.863
1311  18.1925
1321  35.3195
1331  29.34
1341  33.7863
1351  32.8143
1361  26.5596
1371  24.4909
1381  23.2633
1391  35.1868
1401  40.7248
1411  30.7708
1421  30.2471
1431  36.6586
1441  28.1538
1451  28.2622
1461  32.6158
1471  27.8731
1481  29.1496
1491  44.1227
1501  28.5464
1511  38.1893
1521  26.6978
1531  25.4386
1541  36.9825
1551  25.1408
1561  26.2755
1571  31.4869
1581  39.434
1591  39.1848
1601  47.358
1611  28.5371
1621  33.4587
1631  38.72
1641  35.1443
1651  31.955
1661  29.3053
1671  31.1112
1681  39.5996
1691  31.1204
1701  37.2324
1711  31.0492
1721  21.0258
1731  28.3701
1741  38.9555
1751  33.6219
1761  33.2888
1771  32.045
1781  28.7753
1791  26.3483
1801  39.8781
1811  34.176
1821  30.6139
1831  24.9816
1841  41.4842
1851  35.8749
1861  40.4449
1871  34.619
1881  36.0472
1891  31.6974
1901  36.6487
1911  29.5245
1921  33.8555
1931  29.3504
1941  34.48
1951  30.3439
1961  37.9011
1971  34.2074
1981  29.1144
1991  43.9916
2001  29.2162
2011  38.432
2021  23.0044
2031  34.2617
2041  34.6445
2051  36.4745
2061  29.5175
2071  31.2711
2081  25.8694
2091  29.0609
2101  38.5124
2111  35.2807
2121  27.6948
2131  27.1899
2141  32.2412
2151  34.2358
2161  24.149
2171  44.4801
2181  26.3533
2191  25.4579
2201  32.6486
2211  23.8661
2221  33.4862
2231  27.5411
2241  32.2392
2251  23.8539
2261  28.7741
2271  22.7954
2281  30.7751
2291  24.7479
2301  33.3823
2311  17.0355
2321  39.0377
2331  38.0752
2341  29.9151
2351  37.6924
2361  25.566
2371  18.8922
2381  39.7875
2391  32.4323
2401  27.3088
2411  22.0119
2421  23.4026
2431  30.5119
2441  24.7675
2451  36.562
2461  24.5872
2471  37.6289
2481  32.4839
2491  26.8198
2501  32.9717
2511  29.7436
2521  28.7894
2531  36.6271
2541  27.7122
2551  31.808
2561  32.3086
2571  29.3664
2581  33.1403
2591  29.9896
2601  33.1981
2611  27.1616
2621  34.0814
2631  32.6064
2641  37.866
2651  23.1523
2661  27.1831
2671  25.637
2681  39.6581
2691  38.6342
2701  31.9714
2711  40.1933
2721  40.8551
2731  21.2697
2741  36.0691
2751  30.6688
2761  37.3381
2771  23.7541
2781  24.0675
2791  30.7802
2801  33.9733
2811  35.437
2821  42.1507
2831  37.5466
2841  37.4135
2851  23.9632
2861  28.1309
2871  26.8988
2881  25.9664
2891  24.787
2901  22.4981
2911  27.0991
2921  24.0434
2931  32.2529
2941  38.3979
2951  27.9278
2961  33.8903
2971  31.2751
2981  29.1531
2991  24.3641
3001  28.6984
3011  32.9191
3021  28.4263
3031  30.28
3041  31.7242
3051  31.2991
3061  34.0694
3071  40.647
3081  27.0438
3091  26.6422
3101  40.1034
3111  24.6971
3121  33.1516
3131  34.5803
3141  26.0462
3151  32.1214
3161  30.2313
3171  29.2285
3181  42.5006
3191  32.2512
3201  28.2342
3211  25.144
3221  28.1028
3231  28.9545
3241  24.9418
3251  29.1004
3261  20.4221
3271  26.0147
3281  28.228
3291  26.4653
3301  25.3439
3311  24.1872
3321  21.4283
3331  37.5185
3341  34.2712
3351  31.7723
3361  35.0589
3371  32.84
3381  24.9273
3391  26.9046
3401  26.7921
3411  23.1944
3421  33.5282
3431  40.3057
3441  32.4338
3451  25.0171
3461  30.3794
3471  28.8491
3481  31.4847
3491  33.6541
3501  28.0414
3511  30.0231
3521  22.7691
3531  21.7985
3541  28.6736
3551  25.1532
3561  24.401
3571  35.8499
3581  35.8487
3591  29.4745
3601  23.7569
3611  41.2705
3621  31.4758
3631  34.11
3641  37.9084
3651  31.544
3661  29.4255
3671  22.349
3681  34.7653
3691  29.0265
3701  23.2541
3711  27.8624
3721  30.5508
3731  33.0817
3741  29.7097
3751  23.7924
3761  41.8026
3771  28.7208
3781  24.0931
3791  35.8066
3801  25.3855
3811  29.2262
3821  32.638
3831  21.7749
3841  24.4246
3851  49.4059
3861  28.6491
3871  31.1406
3881  37.3515
3891  21.9057
3901  24.7349
3911  26.0368
3921  42.1843
3931  35.5923
3941  42.6715
3951  26.86
3961  26.2691
3971  35.5372
3981  26.1819
3991  42.1507
4001  35.6305
4011  28.7165
4021  35.8183
4031  38.1565
4041  31.3297
4051  26.1061
4061  33.7233
4071  32.2463
4081  23.8787
4091  35.3499
4101  30.7167
4111  39.2167
4121  30.2761
4131  41.9205
4141  31.623
4151  37.1495
4161  36.4695
4171  27.4934
4181  32.8408
4191  40.4693
4201  30.9447
4211  25.8128
4221  29.5745
4231  38.5896
4241  27.7812
4251  33.6199
4261  32.7132
4271  31.7855
4281  40.3856
4291  35.1911
4301  39.3588
4311  27.7305
4321  24.8798
4331  28.4192
4341  20.7586
4351  20.9367
4361  30.9773
4371  34.2434
4381  27.2632
4391  29.6418
4401  33.2361
4411  32.2598
4421  33.2263
4431  27.1537
4441  30.3596
4451  30.1215
4461  26.6115
4471  29.016
4481  26.2537
4491  23.8802
4501  28.7446
4511  31.6025
4521  37.5716
4531  30.9236
4541  29.0055
4551  38.1101
4561  26.1675
4571  27.9937
4581  43.7059
4591  35.4073
4601  24.9164
4611  22.1557
4621  39.0633
4631  23.3217
4641  30.6509
4651  50.9739
4661  29.6657
4671  26.468
4681  33.8452
4691  42.8002
4701  35.7257
4711  34.0278
4721  25.3733
4731  42.6146
4741  26.9963
4751  30.6226
4761  40.0307
4771  37.7336
4781  38.3924
4791  30.0626
4801  21.268
4811  32.166
4821  26.1261
4831  31.5366
4841  25.644
4851  28.0972
4861  31.4638
4871  35.3731
4881  31.532
4891  21.6043
4901  36.9556
4911  40.2321
4921  30.9108
4931  29.2772
4941  24.873
4951  19.7201
4961  34.7547
4971  30.1194
4981  28.8363
4991  23.6373
5001  24.8872
5011  25.9047
5021  27.3338
5031  35.1597
5041  27.396
5051  26.3782
5061  27.2446
5071  34.4415
5081  35.2018
5091  25.4909
5101  35.1071
5111  33.8746
5121  38.4425
5131  36.5297
5141  39.6794
5151  30.2961
5161  38.2516
5171  38.1047
5181  34.3637
5191  35.9511
5201  27.7748
5211  28.4905
5221  33.9444
5231  29.8901
5241  35.2238
5251  25.288
5261  37.8794
5271  28.8366
5281  32.5213
5291  35.0739
5301  28.6496
5311  27.311
5321  35.8735
5331  31.1
5341  25.2843
5351  27.3277
5361  36.7583
5371  34.9713
5381  23.7651
5391  25.3081
5401  38.5927
5411  38.9838
5421  31.0256
5431  26.0746
5441  29.2666
5451  40.0445
5461  27.6565
5471  29.3341
5481  28.1121
5491  26.8232
5501  38.1752
5511  31.2466
5521  29.4076
5531  32.4813
5541  35.2062
5551  34.0543
5561  23.2793
5571  26.677
5581  30.6996
5591  22.6567
5601  26.2757
5611  33.8776
5621  37.0699
5631  29.303
5641  24.4565
5651  30.2227
5661  27.5789
5671  30.9985
5681  25.8171
5691  24.7982
5701  42.2729
5711  37.923
5721  45.6384
5731  37.1423
5741  37.0244
5751  28.8047
5761  36.3336
5771  34.0633
5781  28.4912
5791  28.6251
5801  28.0236
5811  30.171
5821  34.0702
5831  30.8092
5841  29.4191
5851  32.7464
5861  33.7959
5871  32.4296
5881  22.4363
5891  31.5176
5901  35.5691
5911  32.4371
5921  26.5615
5931  30.6298
5941  35.7097
5951  21.5276
5961  24.7314
5971  29.7311
5981  30.5669
5991  30.8832
6001  23.5752
6011  29.7875
6021  26.2089
6031  28.5453
6041  28.9746
6051  32.6958
6061  44.0334
6071  24.3573
6081  41.1179
6091  28.9525
6101  27.834
6111  21.5539
6121  30.8758
6131  32.7063
6141  32.4654
6151  30.5297
6161  33.4298
6171  35.9192
6181  36.1889
6191  34.976
6201  41.0568
6211  20.9975
6221  18.9248
6231  36.16
6241  27.3274
6251  31.7606
6261  30.7254
6271  56.1271
6281  40.707
6291  31.9583
6301  16.7499
6311  32.5948
6321  32.1903
6331  19.6974
6341  36.6183
6351  31.6676
6361  38.9513
6371  34.3118
6381  34.6545
6391  38.9319
6401  30.0181
6411  27.9989
6421  27.9727
6431  27.5036
6441  27.9669
6451  22.109
6461  35.5997
6471  24.3406
6481  29.3704
6491  31.2475
6501  29.9731
6511  28.5949
6521  27.9001
6531  23.7227
6541  35.14
6551  29.8244
6561  33.9646
6571  43.5325
6581  37.4357
6591  37.0785
6601  40.522
6611  25.1035
6621  34.5026
6631  28.4322
6641  24.7837
6651  28.6421
6661  39.5682
6671  29.8981
6681  25.1439
6691  28.2743
6701  41.0249
6711  32.1836
6721  27.3056
6731  28.1735
6741  36.4572
6751  34.939
6761  35.4842
6771  33.7412
6781  35.0394
6791  31.5259
6801  24.0863
6811  32.7547
6821  42.5779
6831  35.1941
6841  25.7503
6851  27.1012
6861  27.6863
6871  26.2642
6881  26.2817
6891  31.2833
6901  36.2211
6911  26.7448
6921  31.5415
6931  35.8571
6941  22.943
6951  37.5378
6961  32.8165
6971  30.4775
6981  30.9074
6991  38.2631
7001  31.8452
7011  34.0388
7021  32.7882
7031  25.6982
7041  27.5804
7051  32.4095
7061  34.1022
7071  22.1468
7081  31.0279
7091  25.4797
7101  34.1321
7111  37.7175
7121  32.5022
7131  32.411
7141  27.8067
7151  24.6365
7161  40.0727
7171  34.0036
7181  32.7708
7191  30.3337
7201  25.4974
7211  33.4333
7221  25.6598
7231  26.0694
7241  34.1949
7251  26.1151
7261  31.1134
7271  25.2311
7281  29.7636
7291  20.5117
7301  31.4406
7311  32.8784
7321  33.5693
7331  31.184
7341  30.7756
7351  42.1271
7361  40.0155
7371  36.9452
7381  35.3423
7391  26.4011
7401  27.656
7411  25.671
7421  35.3151
7431  34.3119
7441  36.1466
7451  37.3788
7461  36.6461
7471  34.9911
7481  30.8965
7491  23.726
7501  33.3894
7511  20.5691
7521  25.7152
7531  25.7906
7541  44.9001
7551  26.5147
7561  36.2434
7571  43.155
7581  34.2287
7591  34.4449
7601  32.0686
7611  16.6282
7621  36.0307
7631  26.8113
7641  33.2894
7651  32.1778
7661  32.071
7671  29.5641
7681  27.0169
7691  31.5628
7701  23.7559
7711  29.417
7721  33.5309
7731  32.0134
7741  33.0921
7751  34.749
7761  30.3813
7771  33.539
7781  30.7909
7791  34.5552
7801  31.2432
7811  42.4998
7821  25.7709
7831  33.068
7841  22.141
7851  37.3005
7861  23.8639
7871  44.7208
7881  27.8671
7891  38.9373
7901  35.8682
7911  36.7864
7921  30.8139
7931  32.3738
7941  23.0487
7951  32.5571
7961  23.4756
7971  34.773
7981  36.9943
7991  31.3493
8001  41.2169
8011  28.2664
8021  33.1062
8031  28.9071
8041  35.3718
8051  27.0885
8061  27.9127
8071  35.0683
8081  44.8904
8091  30.8115
8101  32.7745
8111  21.908
8121  38.2197
8131  28.0202
8141  29.1769
8151  46.2131
8161  27.1057
8171  35.2931
8181  28.4767
8191  25.2903
8201  33.1697
8211  31.9873
8221  30.7892
8231  28.6926
8241  34.8233
8251  35.1499
8261  37.3495
8271  38.8314
8281  26.2091
8291  31.2114
8301  23.539
8311  28.2986
8321  28.1511
8331  31.1898
8341  26.0955
8351  19.9852
8361  30.0877
8371  26.2852
8381  33.9788
8391  33.6904
8401  26.0913
8411  30.1982
8421  20.5707
8431  27.5995
8441  38.1538
8451  27.5918
8461  30.7301
8471  39.1271
8481  22.084
8491  32.6285
8501  28.6867
8511  23.6723
8521  39.6815
8531  29.8162
8541  25.7685
8551  25.5665
8561  27.4405
8571  30.3166
8581  40.3428
8591  29.8119
8601  34.0354
8611  30.3473
8621  26.4233
8631  29.5876
8641  27.0692
8651  36.536
8661  25.5966
8671  34.1157
8681  32.2131
8691  29.2857
8701  32.6645
8711  40.494
8721  31.3277
8731  24.4856
8741  28.9017
8751  29.6215
8761  29.3156
8771  22.7423
8781  30.3575
8791  35.0943
8801  33.7876
8811  40.924
8821  41.6851
8831  21.071
8841  27.3598
8851  32.6339
8861  36.9137
8871  30.3989
8881  34.5505
8891  33.1378
8901  28.238
8911  27.4732
8921  31.9693
8931  24.9836
8941  32.2371
8951  32.5989
8961  25.6716
8971  35.5697
8981  30.0757
8991  33.649
9001  38.1713
9011  36.0183
9021  34.476
9031  21.219
9041  29.0768
9051  33.6601
9061  31.9314
9071  29.9293
9081  26.9714
9091  26.5062
9101  26.8849
9111  37.9711
9121  34.9709
9131  29.3284
9141  24.5819
9151  29.9636
9161  31.8651
9171  30.5384
9181  29.0261
9191  37.5084
9201  33.9059
9211  34.4434
9221  22.6215
9231  32.1129
9241  25.2535
9251  30.9236
9261  30.1173
9271  27.4669
9281  30.7383
9291  22.9618
9301  37.6418
9311  25.1824
9321  24.9697
9331  27.6186
9341  27.6551
9351  27.2956
9361  33.3222
9371  35.8199
9381  32.0138
9391  24.7304
9401  23.424
9411  32.987
9421  24.406
9431  36.9918
9441  33.5678
9451  28.4788
9461  33.4174
9471  34.3724
9481  23.8636
9491  30.7922
9501  27.1604
9511  22.448
9521  29.3283
9531  32.8229
9541  35.526
9551  32.1194
9561  26.4602
9571  24.6912
9581  36.8142
9591  35.5877
9601  24.9524
9611  34.1968
9621  30.7657
9631  32.7416
9641  23.7267
9651  22.1023
9661  21.5043
9671  26.2104
9681  29.0069
9691  34.8326
9701  29.7752
9711  29.1219
9721  31.5511
9731  36.7378
9741  35.8691
9751  40.5911
9761  34.8098
9771  33.7219
9781  31.2338
9791  25.6493
9801  23.8694
9811  38.3319
9821  37.6567
9831  28.7528
9841  31.5336
9851  34.5287
9861  33.8657
9871  29.6479
9881  27.9813
9891  21.6881
9901  28.1923
9911  27.8824
9921  34.824
9931  28.8106
9941  26.5601
9951  30.3406
9961  26.9823
9971  26.0351
9981  33.4461
9991  33.0593
10001  24.067
10011  31.757
10021  26.8989
10031  27.6782
10041  23.0693
10051  26.7929
10061  26.1697
10071  27.1578
10081  42.8917
10091  27.8625
10101  35.8743
10111  27.2154
10121  29.2387
10131  35.6481
10141  26.0849
10151  32.0148
10161  29.6024
10171  37.3517
10181  34.2371
10191  33.4759
10201  24.8729
10211  31.109
10221  25.4962
10231  22.757
10241  26.8268
10251  32.0588
10261  25.5842
10271  41.4342
10281  27.1569
10291  39.2625
10301  28.5647
10311  31.9418
10321  35.3899
10331  33.2348
10341  22.4446
10351  30.6936
10361  34.4367
10371  36.4497
10381  29.3675
10391  35.6731
10401  30.4468
10411  30.8329
10421  22.1683
10431  35.6356
10441  32.5462
10451  22.2331
10461  21.141
10471  28.8503
10481  30.5581
10491  32.109
10501  29.8801
10511  23.9418
10521  22.7056
10531  23.9835
10541  27.2961
10551  27.3073
10561  42.6458
10571  32.9873
10581  29.5184
10591  23.9893
10601  34.2455
10611  37.6134
10621  22.6307
10631  35.9334
10641  32.1295
10651  28.3515
10661  32.4744
10671  34.5097
10681  42.8138
10691  34.6437
10701  29.3245
10711  24.883
10721  29.8169
10731  34.0628
10741  25.2154
10751  27.0413
10761  28.2499
10771  24.3922
10781  33.7056
10791  31.3735
10801  25.1686
10811  28.7272
10821  36.1718
10831  27.2548
10841  30.3733
10851  25.5925
10861  25.649
10871  33.1464
10881  24.3699
10891  32.1593
10901  27.5875
10911  30.0993
10921  33.7452
10931  35.2335
10941  31.5081
10951  28.8566
10961  33.2799
10971  26.8606
10981  28.5059
10991  33.2316
