1001  42.1355
1011  43.1392
1021  42.8586
1031  29.4642
1041  34.1429
1051  28.2295
1061  37.1376
1071  19.8682
1081  19.4804
1091  18.8811
1101  29.1725
1111  34.6984
1121  28.9106
1131  15.3772
1141  20.8791
1151  42.365
1161  29.7737
1171  27.1555
1181  19.525
1191  39.3331
1201  26.9607
1211  39.2346
1221  24.4153
1231  30.0958
1241  13.3617
1251  28.2796
1261  46.4077
1271  4.49705
1281  46.5831
1291  21.4829
1301  45.4574
1311  20.4558
1321  33.8443
1331  22.9426
1341  11.7799
1351  17.4924
1361  47.7921
1371  41.5691
1381  38.2919
1391  28.6231
1401  41.7722
1411  36.8624
1421  32.6587
1431  21.891
1441  38.1045
1451  41.7492
1461  25.3429
1471  33.8727
1481  23.9308
1491  19.6152
1501  20.6968
1511  1.95984
1521  31.3036
1531  23.3881
1541  33.6844
1551  12.5877
1561  5.45338
1571  21.4571
1581  59.908
1591  30.7206
1601  40.9559
1611  25.7645
1621  29.2883
1631  54.5288
1641  35.3947
1651  21.0887
1661  17.1559
1671  31.2307
1681  53.4583
1691  36.9089
1701  17.2069
1711  31.7528
1721  20.8247
1731  40.925
1741  48.0049
1751  35.4511
1761  39.0849
1771  37.2682
1781  28.6778
1791  43.6536
1801  31.5195
1811  43.8549
1821  27.5786
1831  49.0843
1841  19.2467
1851  15.1928
1861  40.2229
1871  31.8223
1881  9.24064
1891  29.2846
1901  23.0718
1911  23.9324
1921  21.3873
1931  28.9064
1941  34.3381
1951  22.6121
1961  51.518
1971  30.6555
1981  18.8977
1991  27.7433
2001  44.3029
2011  34.3922
2021  37.6263
2031  26.5218
2041  33.8128
2051  38.7442
2061  31.4701
2071  28.1039
2081  20.8362
2091  14.0629
2101  27.3229
2111  38.62
2121  37.8288
2131  36.2721
2141  19.6678
2151  40.9597
2161  43.8545
2171  44.4206
2181  20.5069
2191  33.325
2201  26.1754
2211  18.8416
2221  31.8865
2231  28.7011
2241  21.3716
2251  25.8382
2261  30.5817
2271  26.9106
2281  17.6486
2291  26.6663
2301  35.8289
2311  27.4537
2321  41.6699
2331  26.7503
2341  27.4224
2351  33.5624
2361  29.6133
2371  27.4944
2381  25.5475
2391  40.5061
2401  21.9422
2411  43.2539
2421  32.9696
2431  34.4091
2441  26.1019
2451  16.8893
2461  20.2667
2471  17.878
2481  26.1983
2491  40.0034
2501  28.7527
2511  36.5493
2521  38.1355
2531  36.2639
2541  26.5584
2551  31.7085
2561  19.2239
2571  27.6003
2581  45.27
2591  21.9074
2601  48.4365
2611  36.131
2621  17.1285
2631  36.262
2641  50.3206
2651  21.9242
2661  29.7838
2671  48.2446
2681  28.5663
2691  35.1737
2701  15.6679
2711  36.9519
2721  42.0735
2731  34.739
2741  31.0352
2751  21.1881
2761  42.8336
2771  41.4454
2781  24.4134
2791  14.0519
2801  33.5395
2811  45.7727
2821  33.7968
2831  15.1335
2841  27.3365
2851  30.0798
2861  27.6884
2871  10.732
2881  30.6952
2891  34.0435
2901  14.7839
2911  39.5059
2921  34.1996
2931  51.8734
2941  9.65311
2951  23.605
2961  29.8669
2971  36.0717
2981  11.2065
2991  33.7468
3001  48.9098
3011  35.3512
3021  19.17
3031  46.6131
3041  22.682
3051  40.1498
3061  46.8701
3071  30.7068
3081  27.3721
3091  39.3606
3101  19.8272
3111  23.8197
3121  26.7856
3131  29.1544
3141  28.5841
3151  31.626
3161  26.4897
3171  26.1414
3181  22.9459
3191  19.5161
3201  27.5455
3211  44.3962
3221  34.8502
3231  33.2734
3241  11.7281
3251  33.291
3261  18.8359
3271  23.0408
3281  43.3991
3291  31.8409
3301  36.7968
3311  38.7314
3321  37.722
3331  38.1563
3341  36.8062
3351  21.2735
3361  17.8069
3371  40.453
3381  33.719
3391  23.2002
3401  13.962
3411  43.5779
3421  20.8346
3431  15.7887
3441  44.0088
3451  21.9699
3461  26.4877
3471  33.8984
3481  29.3968
3491  20.4782
3501  38.4969
3511  14.8919
3521  18.0153
3531  40.3573
3541  36.6961
3551  26.7634
3561  26.3532
3571  28.3776
3581  31.7177
3591  22.9067
3601  17.4756
3611  30.0677
3621  40.0403
3631  32.3021
3641  28.639
3651  26.4927
3661  23.463
3671  31.0231
3681  20.2571
3691  21.3186
3701  32.5367
3711  26.3357
3721  31.1906
3731  14.7826
3741  29.3976
3751  26.9033
3761  40.5362
3771  30.8007
3781  20.2619
3791  27.0508
3801  9.42535
3811  29.6671
3821  44.2576
3831  18.8685
3841  39.9139
3851  23.7677
3861  22.3617
3871  44.1448
3881  17.7753
3891  39.3443
3901  25.0497
3911  22.1795
3921  33.8416
3931  27.0898
3941  29.3407
3951  23.0042
3961  37.0792
3971  17.9302
3981  57.8032
3991  23.7877
4001  34.8913
4011  30.0742
4021  29.9237
4031  30.1153
4041  17.8985
4051  26.2445
4061  22.9409
4071  26.8474
4081  38.4002
4091  31.9573
4101  31.0251
4111  33.7422
4121  26.7803
4131  23.1175
4141  50.0535
4151  23.2724
4161  25.6387
4171  9.24413
4181  21.5441
4191  17.6236
4201  21.134
4211  38.4334
4221  30.8161
4231  40.8772
4241  34.6041
4251  48.3599
4261  18.9216
4271  31.3707
4281  39.232
4291  20.9926
4301  32.4789
4311  29.7367
4321  27.9254
4331  30.9117
4341  24.9754
4351  29.8384
4361  33.8903
4371  30.4932
4381  29.1624
4391  27.0884
4401  30.4005
4411  44.2739
4421  26.8757
4431  38.5585
4441  29.1861
4451  56.5632
4461  45.7926
4471  38.4919
4481  36.4705
4491  33.1171
4501  26.5266
4511  25.6688
4521  37.1081
4531  53.2347
4541  21.8764
4551  23.3937
4561  25.5261
4571  8.67992
4581  16.738
4591  38.8653
4601  38.8125
4611  46.1806
4621  29.0502
4631  37.0391
4641  32.406
4651  30.565
4661  32.5403
4671  38.9806
4681  45.5801
4691  30.0978
4701  25.0553
4711  27.0804
4721  38.6937
4731  40.6822
4741  27.0718
4751  22.8024
4761  28.1999
4771  45.0198
4781  42.6898
4791  31.3078
4801  45.5848
4811  54.1754
4821  43.3572
4831  21.3287
4841  21.7523
4851  32.6787
4861  9.43844
4871  42.8645
4881  13.0468
4891  33.9669
4901  30.1466
4911  31.2258
4921  29.3033
4931  35.5075
4941  20.6281
4951  29.4612
4961  17.9465
4971  37.0939
4981  44.3691
4991  25.9265
5001  8.73685
5011  32.0205
5021  28.7153
5031  46.0852
5041  28.3887
5051  36.2305
5061  30.3219
5071  22.7338
5081  20.8766
5091  25.6527
5101  14.2582
5111  24.2361
5121  38.2782
5131  30.6916
5141  36.3486
5151  22.4019
5161  27.201
5171  39.0783
5181  31.274
5191  39.9103
5201  27.2372
5211  41.0425
5221  33.5412
5231  33.72
5241  16.4726
5251  38.5709
5261  23.3531
5271  36.1045
5281  25.2869
5291  22.6554
5301  17.2662
5311  6.13545
5321  46.1053
5331  30.0115
5341  17.681
5351  36.2155
5361  47.492
5371  52.7752
5381  33.2539
5391  3.37807
5401  26.526
5411  15.6447
5421  43.6252
5431  23.2974
5441  44.1686
5451  24.4189
5461  8.59973
5471  25.3069
5481  32.578
5491  32.0478
5501  28.3189
5511  28.3034
5521  27.4785
5531  26.9157
5541  37.9271
5551  28.6424
5561  19.1567
5571  14.0976
5581  34.1993
5591  38.3845
5601  42.8729
5611  39.4485
5621  38.1375
5631  19.1146
5641  31.1842
5651  25.34
5661  26.1851
5671  16.3559
5681  22.2185
5691  23.9598
5701  19.9084
5711  32.2535
5721  10.4037
5731  25.3728
5741  28.654
5751  11.8847
5761  31.0455
5771  26.3772
5781  28.4126
5791  34.9879
5801  38.3048
5811  30.8887
5821  32.3753
5831  34.4722
5841  40.1573
5851  39.5701
5861  45.3182
5871  24.8671
5881  40.4397
5891  22.2815
5901  33.843
5911  30.5982
5921  27.7294
5931  27.7748
5941  33.5679
5951  22.8956
5961  18.7084
5971  24.4427
5981  17.2761
5991  22.5288
6001  17.0275
6011  25.7086
6021  28.8989
6031  18.5894
6041  21.0438
6051  43.5188
6061  23.8363
6071  20.5198
6081  32.5291
6091  28.9142
6101  36.6409
6111  18.3543
6121  33.7489
6131  41.1237
6141  31.6124
6151  17.928
6161  26.441
6171  16.7501
6181  21.481
6191  18.2043
6201  20.8222
6211  22.3652
6221  33.076
6231  1.60684
6241  33.5946
6251  19.7171
6261  38.1293
6271  21.2584
6281  37.3421
6291  36.077
6301  28.1484
6311  22.1089
6321  11.1138
6331  17.4249
6341  13.4089
6351  29.0883
6361  33.7774
6371  28.5636
6381  42.3021
6391  41.1378
6401  30.6425
6411  20.752
6421  32.2373
6431  50.44
6441  45.7906
6451  41.8021
6461  15.6043
6471  30.3948
6481  45.498
6491  22.2752
6501  36.0715
6511  45.5243
6521  16.2928
6531  35.3399
6541  23.74
6551  25.6455
6561  16.4689
6571  40.0198
6581  50.8387
6591  30.884
6601  23.8733
6611  36.6745
6621  41.4312
6631  44.1985
6641  41.9534
6651  43.4608
6661  28.377
6671  21.8184
6681  14.1051
6691  37.766
6701  11.2621
6711  35.4554
6721  39.5757
6731  17.3214
6741  35.7806
6751  16.2954
6761  18.0938
6771  16.8929
6781  19.3553
6791  34.5373
6801  21.1395
6811  25.2205
6821  26.1646
6831  27.1259
6841  28.7461
6851  38.8621
6861  34.6721
6871  25.7673
6881  31.3184
6891  29.0715
6901  42.6337
6911  17.2563
6921  31.9077
6931  28.109
6941  16.3862
6951  7.13807
6961  21.2369
6971  33.3455
6981  30.0808
6991  23.2526
7001  22.6254
7011  38.8204
7021  16.5737
7031  39.1987
7041  35.8924
7051  20.1596
7061  22.9108
7071  30.7198
7081  54.0008
7091  18.5223
7101  23.8183
7111  40.0294
7121  35.2709
7131  27.0736
7141  24.9285
7151  20.8933
7161  42.1456
7171  30.0644
7181  30.3566
7191  31.9701
7201  46.6414
7211  17.4121
7221  37.3777
7231  26.5928
7241  37.423
7251  8.46041
7261  25.6459
7271  17.1093
7281  31.1154
7291  39.8591
7301  21.7897
7311  27.7191
7321  15.9935
7331  39.3518
7341  22.676
7351  30.7264
7361  21.9897
7371  31.8012
7381  20.4272
7391  45.8067
7401  35.4605
7411  45.9974
7421  42.2509
7431  54.1285
7441  24.3892
7451  38.0444
7461  17.7841
7471  39.1932
7481  20.1228
7491  38.9165
7501  28.9698
7511  25.2057
7521  28.6575
7531  25.6113
7541  32.9564
7551  42.3712
7561  51.2289
7571  7.24069
7581  52.2151
7591  35.9177
7601  5.91728
7611  36.5644
7621  32.2804
7631  17.3697
7641  22.9708
7651  37.6631
7661  33.7598
7671  36.0842
7681  33.7999
7691  47.1895
7701  23.2872
7711  29.7964
7721  22.8965
7731  46.1126
7741  25.5128
7751  6.91624
7761  20.5921
7771  14.0993
7781  44.1001
7791  34.1999
7801  39.246
7811  44.2773
7821  27.8435
7831  22.2842
7841  32.4013
7851  38.7604
7861  51.6007
7871  36.3592
7881  21.895
7891  26.7248
7901  18.9666
7911  37.0747
7921  32.3313
7931  26.9272
7941  24.6643
7951  23.2251
7961  26.8102
7971  38.3549
7981  35.2298
7991  31.7442
8001  28.1899
8011  27.9604
8021  22.5122
8031  18.8964
8041  44.8838
8051  32.7549
8061  37.5416
8071  16.48
8081  29.4072
8091  32.2636
8101  20.71
8111  45.5531
8121  33.8235
8131  44.3716
8141  25.0931
8151  37.7671
8161  26.0828
8171  64.0576
8181  27.2065
8191  41.2179
8201  12.7596
8211  43.4298
8221  24.5229
8231  44.5134
8241  35.281
8251  37.4719
8261  23.1887
8271  29.8636
8281  36.8397
8291  34.7057
8301  30.0692
8311  36.4811
8321  21.618
8331  23.7208
8341  31.0382
8351  30.0025
8361  35.7184
8371  20.4336
8381  43.3424
8391  33.129
8401  26.48
8411  30.8645
8421  44.9544
8431  34.8534
8441  29.08
8451  22.9905
8461  24.3051
8471  48.687
8481  39.1372
8491  45.7577
8501  31.3164
8511  53.8956
8521  20.8678
8531  8.59855
8541  28.6828
8551  20.3261
8561  23.9255
8571  20.8535
8581  35.1273
8591  26.1506
8601  51.2532
8611  35.3497
8621  26.5143
8631  34.3756
8641  25.2012
8651  28.4279
8661  15.3017
8671  19.7414
8681  22.4206
8691  19.6117
8701  30.6345
8711  43.8389
8721  37.7416
8731  41.7669
8741  14.4729
8751  41.2748
8761  29.5645
8771  25.5531
8781  29.4873
8791  15.8359
8801  23.4037
8811  40.5178
8821  23.4097
8831  16.258
8841  38.3033
8851  41.1043
8861  31.2352
8871  31.7091
8881  39.2332
8891  40.7073
8901  29.7566
8911  36.9138
8921  31.2059
8931  20.3245
8941  29.039
8951  28.0039
8961  39.2559
8971  36.2298
8981  24.4768
8991  19.0878
9001  18.9412
9011  41.1539
9021  29.0393
9031  30.7742
9041  38.8772
9051  24.0414
9061  31.1712
9071  38.4149
9081  21.6707
9091  19.8647
9101  23.4508
9111  17.9062
9121  34.1051
9131  39.4797
9141  21.6072
9151  22.5667
9161  43.5135
9171  41.7961
9181  14.0649
9191  16.9882
9201  22.3763
9211  32.9204
9221  22.0526
9231  33.7891
9241  35.0704
9251  36.2293
9261  31.6614
9271  35.8982
9281  36.0139
9291  32.3207
9301  40.7692
9311  4.78694
9321  24.4258
9331  41.0326
9341  28.8118
9351  6.80078
9361  24.3954
9371  25.8792
9381  19.1361
9391  23.1688
9401  24.581
9411  36.1725
9421  39.573
9431  44.5347
9441  21.3123
9451  15.2916
9461  28.4038
9471  13.2759
9481  22.7379
9491  28.8282
9501  26.8715
9511  36.0778
9521  30.9287
9531  29.3498
9541  24.2972
9551  27.7147
9561  41.0293
9571  20.9236
9581  37.6366
9591  34.4061
9601  36.0917
9611  53.0801
9621  25.1358
9631  21.9011
9641  22.9085
9651  29.3276
9661  17.9437
9671  43.941
9681  36.1762
9691  40.8891
9701  32.3907
9711  40.2132
9721  12.6645
9731  36.6067
9741  27.5117
9751  10.5738
9761  37.7516
9771  37.3124
9781  19.6091
9791  21.4847
9801  22.4888
9811  32.8639
9821  41.6839
9831  28.6215
9841  17.8887
9851  33.6738
9861  47.1945
9871  32.8724
9881  30.2327
9891  22.0514
9901  41.8203
9911  21.8453
9921  41.311
9931  22.2294
9941  14.8031
9951  22.5824
9961  39.158
9971  27.5316
9981  33.6636
9991  32.9675
10001  31.1339
10011  30.9094
10021  36.85
10031  22.0646
10041  39.1293
10051  40.2615
10061  33.8303
10071  30.2089
10081  45.2562
10091  30.9164
10101  31.704
10111  24.6221
10121  40.5893
10131  13.1678
10141  34.4737
10151  37.6326
10161  35.4679
10171  27.5675
10181  22.7176
10191  17.4824
10201  49.7732
10211  30.9456
10221  26.201
10231  30.7928
10241  9.425
10251  33.2344
10261  14.8881
10271  11.3189
10281  23.7282
10291  25.6898
10301  17.3148
10311  37.1589
10321  28.1716
10331  42.9956
10341  43.8136
10351  11.9068
10361  23.5125
10371  45.3645
10381  31.9031
10391  40.0036
10401  26.5013
10411  7.8289
10421  24.8922
10431  37.9542
10441  34.5033
10451  41.1901
10461  16.5042
10471  19.471
10481  25.7386
10491  26.7639
10501  37.2754
10511  41.008
10521  33.501
10531  29.4954
10541  26.2915
10551  34.8921
10561  41.866
10571  24.2882
10581  32.8456
10591  28.2377
10601  40.5569
10611  18.4614
10621  30.8142
10631  33.0095
10641  35.4552
10651  19.1209
10661  25.7451
10671  36.3917
10681  36.9412
10691  35.6031
10701  35.637
10711  37.2025
10721  28.7808
10731  44.3757
10741  36.4703
10751  24.7952
10761  16.5234
10771  14.6398
10781  23.7847
10791  22.0347
10801  29.5178
10811  38.8457
10821  31.3402
10831  24.798
10841  39.4465
10851  26.4394
10861  32.8798
10871  35.5231
10881  22.2023
10891  25.7102
10901  30.894
10911  41.5392
10921  23.9408
10931  29.767
10941  23.628
10951  26.9695
10961  7.55709
10971  35.4289
10981  29.3269
10991  19.8912
1001  32.3169
1011  25.4632
1021  26.072
1031  34.5919
1041  30.2528
1051  28.7386
1061  33.7262
1071  36.8203
1081  36.9451
1091  32.5213
1101  28.3984
1111  28.3327
1121  29.8611
1131  39.6978
1141  29.5014
1151  30.8956
1161  32.1532
1171  39.6364
1181  33.4648
1191  30.2191
1201  37.0764
1211  26.5939
1221  36.652
1231  33.7143
1241  36.0608
1251  25.171
1261  27.0718
1271  39.1224
1281  32.739
1291  31.856
1301  24.5074
1311  35.2254
1321  30.0633
1331  37.4057
1341  44.022
1351  31.3861
1361  31.0503
1371  22.1542
1381  33.0136
1391  32.0216
1401  23.6172
1411  22.0355
1421  29.6919
1431  33.7749
1441  34.3696
1451  21.8896
1461  26.6036
1471  30.9079
1481  25.7057
1491  33.9105
1501  40.1594
1511  43.4168
1521  32.0896
1531  27.9406
1541  28.2426
1551  31.2217
1561  42.8257
1571  33.5148
1581  20.1776
1591  34.3506
1601  26.1938
1611  32.4303
1621  30.3941
1631  28.4217
1641  31.3524
1651  32.989
1661  36.496
1671  29.9748
1681  25.3758
1691  23.1777
1701  32.2601
1711  20.369
1721  34.4142
1731  24.9556
1741  21.4238
1751  33.251
1761  26.3211
1771  34.7241
1781  31.878
1791  30.6896
1801  33.0847
1811  25.6899
1821  33.2335
1831  34.4874
1841  36.321
1851  41.1073
1861  33.2755
1871  28.5375
1881  31.5244
1891  30.6443
1901  32.9349
1911  29.939
1921  35.3562
1931  30.0273
1941  27.5887
1951  36.4384
1961  23.8842
1971  29.5672
1981  34.4138
1991  28.7806
2001  23.9761
2011  25.5462
2021  22.1088
2031  25.8756
2041  25.1186
2051  23.8207
2061  25.8412
2071  42.1296
2081  29.1882
2091  40.1239
2101  30.9102
2111  27.3316
2121  25.7227
2131  31.4008
2141  38.3023
2151  27.442
2161  27.8604
2171  30.1771
2181  28.6671
2191  26.7643
2201  32.1223
2211  37.5408
2221  24.7637
2231  32.4608
2241  31.7094
2251  29.8514
2261  34.2195
2271  33.8252
2281  28.9347
2291  42.0749
2301  28.692
2311  32.0772
2321  34.2464
2331  38.8186
2341  33.2187
2351  28.1042
2361  30.9006
2371  31.8822
2381  32.0533
2391  26.2424
2401  39.9229
2411  37.8129
2421  30.9199
2431  26.8999
2441  33.5564
2451  30.2674
2461  35.2602
2471  31.3049
2481  35.2251
2491  30.5366
2501  32.4138
2511  23.4553
2521  28.1081
2531  30.4568
2541  28.5595
2551  45.5715
2561  26.3943
2571  26.5286
2581  20.8226
2591  32.8116
2601  23.897
2611  35.8305
2621  31.156
2631  30.0453
2641  22.6161
2651  32.9363
2661  33.3228
2671  25.3211
2681  27.0503
2691  29.9981
2701  35.259
2711  19.2699
2721  21.6193
2731  22.7697
2741  32.6319
2751  31.583
2761  29.9307
2771  30.2032
2781  41.3254
2791  33.2546
2801  22.7568
2811  19.1619
2821  25.3913
2831  38.0488
2841  29.3129
2851  32.5347
2861  32.2266
2871  36.9883
2881  20.2921
2891  33.8536
2901  39.8249
2911  30.5781
2921  33.7371
2931  19.9084
2941  50.1218
2951  32.6594
2961  36.7642
2971  35.1219
2981  36.0989
2991  25.7664
3001  23.2648
3011  26.6102
3021  36.7552
3031  24.9263
3041  42.6563
3051  25.9225
3061  19.8453
3071  20.7679
3081  28.281
3091  30.2877
3101  39.0591
3111  31.3633
3121  29.3238
3131  27.9742
3141  32.2677
3151  30.5456
3161  33.3306
3171  40.5937
3181  33.707
3191  37.3087
3201  32.7796
3211  31.6238
3221  31.3522
3231  26.7806
3241  42.0039
3251  21.7087
3261  39.5176
3271  32.5176
3281  27.3083
3291  36.733
3301  31.4087
3311  35.3566
3321  34.6407
3331  26.5906
3341  25.9398
3351  32.3884
3361  33.7792
3371  31.108
3381  31.3937
3391  31.8408
3401  37.0478
3411  27.9451
3421  33.8337
3431  32.8817
3441  30.8485
3451  27.3306
3461  50.0497
3471  31.6652
3481  30.8234
3491  27.732
3501  26.8887
3511  32.6226
3521  36.4082
3531  34.1203
3541  20.4691
3551  27.2968
3561  31.2011
3571  24.8358
3581  31.0969
3591  28.823
3601  37.5672
3611  32.5246
3621  27.2566
3631  36.9356
3641  29.9198
3651  32.8361
3661  28.6705
3671  23.4452
3681  46.2638
3691  28.5363
3701  36.147
3711  27.2981
3721  36.5856
3731  33.1823
3741  28.278
3751  30.6465
3761  25.6374
3771  26.0874
3781  35.6202
3791  31.6777
3801  36.0228
3811  27.6218
3821  32.3243
3831  40.4641
3841  26.3002
3851  32.4584
3861  32.0932
3871  29.6376
3881  31.3378
3891  22.2285
3901  31.1603
3911  36.7321
3921  32.8797
3931  36.1496
3941  22.5845
3951  30.828
3961  29.2247
3971  34.6426
3981  23.3261
3991  31.0191
4001  25.2543
4011  30.4535
4021  27.1928
4031  24.4224
4041  34.0256
4051  32.0072
4061  37.4697
4071  34.7386
4081  36.5129
4091  23.4477
4101  32.4257
4111  28.9626
4121  30.8126
4131  33.5461
4141  25.2642
4151  42.9601
4161  28.6848
4171  32.9049
4181  31.5226
4191  31.7123
4201  28.286
4211  26.758
4221  26.0516
4231  31.548
4241  34.9896
4251  30.4544
4261  36.174
4271  27.4462
4281  24.8614
4291  40.722
4301  38.925
4311  32.4221
4321  25.5953
4331  24.2278
4341  35.3762
4351  34.0815
4361  30.9563
4371  31.959
4381  26.4577
4391  28.1798
4401  29.2929
4411  27.5093
4421  30.6186
4431  28.6346
4441  22.3028
4451  24.6256
4461  22.5281
4471  23.6679
4481  40.3164
4491  24.2367
4501  26.0133
4511  28.1008
4521  33.5556
4531  23.3165
4541  38.499
4551  38.4857
4561  29.9105
4571  37.0677
4581  27.9819
4591  34.4733
4601  35.3365
4611  26.6384
4621  29.2993
4631  28.0378
4641  33.658
4651  20.4675
4661  34.5655
4671  23.804
4681  22.2657
4691  39.387
4701  28.6135
4711  29.4862
4721  30.7559
4731  24.0228
4741  28.8852
4751  31.3967
4761  43.7402
4771  24.309
4781  24.1686
4791  25.2944
4801  24.7722
4811  25.0602
4821  25.7379
4831  36.1788
4841  29.7871
4851  27.1076
4861  34.0519
4871  21.4326
4881  42.0066
4891  28.2132
4901  29.2219
4911  30.2087
4921  28.3457
4931  23.935
4941  28.3158
4951  29.8533
4961  39.564
4971  28.8013
4981  26.9276
4991  25.3456
5001  36.1924
5011  27.6388
5021  32.6869
5031  23.1411
5041  24.8131
5051  35.7688
5061  32.2828
5071  31.4538
5081  39.1198
5091  32.088
5101  38.347
5111  30.5551
5121  25.818
5131  31.4083
5141  30.2792
5151  33.4436
5161  35.6214
5171  31.0283
5181  24.1271
5191  32.4395
5201  32.6979
5211  27.5348
5221  28.2798
5231  26.4421
5241  42.1006
5251  26.54
5261  31.1963
5271  25.2034
5281  32.5427
5291  34.9516
5301  39.3548
5311  32.7445
5321  22.6715
5331  30.172
5341  37.9531
5351  32.59
5361  31.9157
5371  36.6019
5381  32.8841
5391  41.1309
5401  35.464
5411  44.1487
5421  30.9152
5431  33.9162
5441  22.132
5451  34.7067
5461  50.5297
5471  34.2851
5481  28.8131
5491  30.5862
5501  31.8646
5511  38.0913
5521  35.3487
5531  26.3163
5541  30.5825
5551  39.9271
5561  51.0349
5571  32.9348
5581  31.8521
5591  29.0275
5601  26.6118
5611  19.8707
5621  31.8291
5631  34.8225
5641  34.0242
5651  30.7603
5661  33.4116
5671  38.1209
5681  26.5083
5691  24.6031
5701  35.0102
5711  31.0268
5721  48.2457
5731  32.5502
5741  28.7753
5751  37.263
5761  43.5882
5771  35.0028
5781  32.3846
5791  22.2501
5801  25.7405
5811  27.283
5821  32.9121
5831  33.552
5841  27.059
5851  31.2054
5861  31.254
5871  25.9143
5881  24.7154
5891  28.2367
5901  27.4986
5911  25.2609
5921  29.4752
5931  38.7386
5941  24.4537
5951  37.1082
5961  29.4894
5971  30.984
5981  33.5949
5991  36.8596
6001  34.4984
6011  34.7691
6021  24.1589
6031  37.0249
6041  28.5149
6051  28.1701
6061  32.793
6071  28.2668
6081  29.657
6091  28.4781
6101  26.2106
6111  39.5994
6121  33.1347
6131  28.3934
6141  26.8398
6151  33.554
6161  37.6899
6171  35.4555
6181  29.347
6191  32.6256
6201  42.7135
6211  33.606
6221  30.6293
6231  41.6397
6241  33.6124
6251  33.8826
6261  22.3815
6271  41.9525
6281  25.2681
6291  25.4853
6301  27.5039
6311  28.6272
6321  39.2544
6331  36.9372
6341  36.7657
6351  30.1153
6361  31.5093
6371  26.6481
6381  33.7063
6391  30.5075
6401  28.5434
6411  35.1614
6421  32.1844
6431  24.3331
6441  24.2488
6451  23.2361
6461  39.2243
6471  24.5942
6481  21.6407
6491  36.9929
6501  21.2076
6511  33.4737
6521  40.2504
6531  35.8434
6541  29.2681
6551  26.8717
6561  30.9113
6571  24.4971
6581  27.7886
6591  32.1917
6601  28.1266
6611  26.4875
6621  24.7539
6631  26.008
6641  34.2788
6651  28.9619
6661  26.7494
6671  37.9555
6681  39.3372
6691  25.412
6701  35.2265
6711  30.3981
6721  20.7984
6731  28.3912
6741  29.2976
6751  39.144
6761  33.9097
6771  30.4512
6781  38.0383
6791  27.6461
6801  31.773
6811  30.6544
6821  29.649
6831  24.799
6841  34.2839
6851  31.4216
6861  27.1366
6871  29.2257
6881  29.1124
6891  37.52
6901  31.8712
6911  27.9415
6921  31.9916
6931  32.8589
6941  37.571
6951  47.435
6961  35.622
6971  34.3738
6981  32.7006
6991  28.5782
7001  26.2849
7011  26.8396
7021  41.2529
7031  24.2695
7041  29.0634
7051  30.0773
7061  32.6209
7071  28.8169
7081  23.5193
7091  36.1733
7101  32.421
7111  25.081
7121  21.1467
7131  35.135
7141  28.6562
7151  36.8113
7161  29.8823
7171  32.4888
7181  36.0469
7191  28.5804
7201  23.393
7211  38.8777
7221  18.6368
7231  34.9296
7241  31.8391
7251  41.2009
7261  28.0091
7271  28.7693
7281  24.0044
7291  28.8756
7301  33.5875
7311  38.1784
7321  34.9774
7331  29.7869
7341  32.6599
7351  34.0497
7361  35.2916
7371  21.0024
7381  40.1459
7391  38.0882
7401  25.0777
7411  29.3398
7421  25.7723
7431  30.3112
7441  26.6132
7451  24.319
7461  35.4814
7471  26.5206
7481  25.0148
7491  31.5636
7501  37.6733
7511  28.0227
7521  32.3761
7531  33.2083
7541  35.0135
7551  28.8537
7561  21.1066
7571  42.6253
7581  29.7169
7591  26.8216
7601  44.9119
7611  35.9091
7621  34.876
7631  32.9203
7641  30.5435
7651  30.6715
7661  36.5755
7671  29.0349
7681  28.9053
7691  28.9881
7701  33.0753
7711  30.0218
7721  25.7622
7731  26.2769
7741  30.4339
7751  40.8292
7761  32.0547
7771  43.8169
7781  31.112
7791  26.6775
7801  22.2537
7811  23.3037
7821  36.4552
7831  32.0218
7841  29.8965
7851  28.7054
7861  15.7166
7871  29.4438
7881  33.0356
7891  31.5928
7901  34.8902
7911  31.9852
7921  26.5313
7931  40.5188
7941  31.8976
7951  30.7668
7961  26.4097
7971  36.6639
7981  29.5571
7991  27.4667
8001  33.8542
8011  35.4592
8021  37.9844
8031  31.5165
8041  21.9746
8051  25.0187
8061  29.3348
8071  37.1562
8081  25.6906
8091  27.8283
8101  38.7115
8111  25.0728
8121  27.3092
8131  20.6276
8141  27.6751
8151  24.1154
8161  31.125
8171  33.5906
8181  33.3835
8191  36.3916
8201  39.4732
8211  25.2
8221  28.2078
8231  31.5604
8241  26.1066
8251  34.3563
8261  31.8339
8271  28.6818
8281  27.8784
8291  27.9472
8301  29.8027
8311  30.7445
8321  30.7448
8331  37.8582
8341  30.3368
8351  28.9195
8361  25.2609
8371  30.2565
8381  28.0065
8391  24.1804
8401  33.5237
8411  30.4333
8421  24.7133
8431  23.8669
8441  24.0015
8451  36.0179
8461  40.5577
8471  19.901
8481  38.0537
8491  28.2257
8501  36.1307
8511  24.6225
8521  31.3453
8531  51.3954
8541  33.8081
8551  26.9935
8561  33.2044
8571  38.5214
8581  26.3966
8591  28.6084
8601  32.2647
8611  33.4868
8621  24.4844
8631  25.6813
8641  36.7279
8651  20.2898
8661  35.2632
8671  30.2672
8681  32.334
8691  34.9964
8701  27.9543
8711  24.9903
8721  26.461
8731  31.9988
8741  28.7063
8751  23.7455
8761  33.8635
8771  32.2393
8781  32.2766
8791  39.2489
8801  27.0657
8811  31.7373
8821  27.2165
8831  30.6615
8841  29.3636
8851  26.1631
8861  31.6916
8871  36.7903
8881  18.1025
8891  25.2491
8901  30.0539
8911  29.125
8921  25.7822
8931  29.2661
8941  35.4794
8951  29.5998
8961  19.7067
8971  37.0406
8981  33.1368
8991  33.6548
9001  37.8739
9011  31.5125
9021  30.8255
9031  25.2507
9041  26.1715
9051  32.8719
9061  37.0786
9071  23.6702
9081  39.8294
9091  32.1055
9101  37.0242
9111  34.9324
9121  31.3356
9131  25.1985
9141  31.7031
9151  32.8106
9161  29.5191
9171  22.9073
9181  36.5318
9191  29.2983
9201  30.5284
9211  25.6237
9221  39.6847
9231  30.2485
9241  25.7559
9251  26.1504
9261  30.2014
9271  26.3973
9281  28.4968
9291  24.0296
9301  25.4861
9311  43.1399
9321  35.7507
9331  20.9414
9341  37.8021
9351  31.6241
9361  34.0473
9371  36.2754
9381  37.1987
9391  25.3668
9401  29.3922
9411  28.5995
9421  39.0672
9431  17.1347
9441  27.0135
9451  35.3267
9461  26.0946
9471  33.8303
9481  46.1476
9491  34.8593
9501  39.8761
9511  30.3926
9521  30.4727
9531  31.4927
9541  34.0264
9551  28.3627
9561  28.6812
9571  29.9511
9581  30.1401
9591  31.4539
9601  18.3222
9611  27.3019
9621  30.7523
9631  30.4296
9641  24.588
9651  31.4388
9661  42.0631
9671  30.0045
9681  34.5982
9691  26.5194
9701  27.3959
9711  24.0223
9721  40.1435
9731  26.5264
9741  26.7531
9751  37.6847
9761  25.4782
9771  25.9719
9781  32.5826
9791  45.3707
9801  33.9461
9811  28.4059
9821  23.0855
9831  28.5886
9841  34.6178
9851  30.3953
9861  24.2818
9871  27.0086
9881  31.4295
9891  28.8871
9901  18.0114
9911  33.3216
9921  31.2577
9931  35.9266
9941  39.3472
9951  36.9973
9961  19.6136
9971  35.8425
9981  30.011
9991  36.4178
10001  27.8616
10011  25.2096
10021  34.1022
10031  30.4445
10041  33.1815
10051  35.723
10061  29.5573
10071  31.91
10081  34.5531
10091  35.0209
10101  26.0038
10111  29.0637
10121  32.8756
10131  30.7386
10141  26.8328
10151  24.2144
10161  25.6229
10171  39.2644
10181  35.5223
10191  38.0544
10201  18.4303
10211  35.0235
10221  33.364
10231  31.9743
10241  44.586
10251  36.3564
10261  36.6714
10271  31.9669
10281  32.1054
10291  34.3831
10301  40.659
10311  26.1808
10321  26.6251
10331  27.6579
10341  23.6714
10351  38.8167
10361  39.8057
10371  25.7979
10381  31.0285
10391  24.321
10401  24.5843
10411  36.9853
10421  34.4204
10431  27.8924
10441  22.2605
10451  29.827
10461  37.4958
10471  41.0885
10481  32.7148
10491  29.2888
10501  30.1875
10511  31.0847
10521  29.1156
10531  24.6546
10541  33.9358
10551  25.4582
10561  26.4597
10571  35.3234
10581  27.5919
10591  27.2888
10601  25.4053
10611  32.7485
10621  36.8371
10631  29.583
10641  25.8773
10651  29.2898
10661  27.5195
10671  27.0235
10681  22.6284
10691  31.26
10701  26.1398
10711  28.2114
10721  26.1563
10731  17.2657
10741  35.1611
10751  36.7075
10761  27.6479
10771  35.3855
10781  41.2942
10791  40.7237
10801  33.701
10811  24.3007
10821  38.9699
10831  25.8008
10841  29.4792
10851  30.9505
10861  39.5853
10871  23.7008
10881  41.6788
10891  40.729
10901  25.0743
10911  28.545
10921  36.3618
10931  26.9179
10941  35.6151
10951  33.4388
10961  36.5271
10971  17.1032
10981  29.898
10991  29.7254
