1001  33.6515
1011  29.9142
1021  14.358
1031  28.9577
1041  26.8673
1051  15.5729
1061  35.3111
1071  41.6142
1081  29.4294
1091  46.2832
1101  27.3685
1111  23.4807
1121  29.9151
1131  13.0506
1141  42.2264
1151  23.7612
1161  17.2757
1171  13.4808
1181  34.5925
1191  33.7764
1201  36.9821
1211  13.4172
1221  31.2773
1231  15.2523
1241  34.9062
1251  23.8545
1261  37.5019
1271  34.0045
1281  25.1591
1291  34.2284
1301  29.5032
1311  26.8773
1321  29.4901
1331  35.6904
1341  39.3583
1351  44.3058
1361  18.2882
1371  16.7482
1381  31.3544
1391  31.0033
1401  37.674
1411  24.3319
1421  30.163
1431  26.5823
1441  32.6765
1451  26.0506
1461  35.5065
1471  22.0345
1481  22.6176
1491  29.4637
1501  33.5533
1511  24.1469
1521  27.0738
1531  37.4335
1541  38.6375
1551  38.4927
1561  31.9937
1571  42.0286
1581  24.19
1591  19.2037
1601  26.6386
1611  29.9919
1621  32.4633
1631  30.3381
1641  24.0921
1651  31.9804
1661  27.21
1671  4.71697
1681  41.8709
1691  57.7768
1701  28.6905
1711  33.6754
1721  20.0097
1731  32.3511
1741  19.0611
1751  21.6409
1761  39.8228
1771  23.6806
1781  42.2649
1791  23.9108
1801  30.2407
1811  29.8061
1821  23.1829
1831  22.5943
1841  27.032
1851  20.8774
1861  25.8266
1871  28.1418
1881  25.4854
1891  24.115
1901  20.3056
1911  40.3135
1921  27.263
1931  42.4596
1941  35.7643
1951  23.5239
1961  34.5234
1971  24.852
1981  32.9436
1991  25.6306
2001  36.9718
2011  27.8946
2021  29.3597
2031  36.5543
2041  38.7131
2051  19.6224
2061  24.1719
2071  42.5029
2081  35.6605
2091  34.9397
2101  3.9702
2111  18.0637
2121  25.8536
2131  24.1949
2141  17.5283
2151  22.9102
2161  37.6678
2171  30.6947
2181  16.2851
2191  22.9714
2201  25.6211
2211  30.2814
2221  36.3916
2231  23.7262
2241  28.215
2251  19.3273
2261  41.229
2271  32.9234
2281  30.1222
2291  26.8603
2301  12.9075
2311  33.8693
2321  25.6827
2331  21.73
2341  20.8153
2351  21.9263
2361  39.082
2371  31.7823
2381  31.6778
2391  35.314
2401  8.25679
2411  13.4836
2421  30.0632
2431  22.0016
2441  11.6058
2451  15.9849
2461  15.3298
2471  28.1188
2481  28.3421
2491  11.4756
2501  29.0394
2511  31.1349
2521  33.1355
2531  42.1488
2541  30.8174
2551  17.4566
2561  34.8166
2571  23.0232
2581  29.0256
2591  22.722
2601  51.6811
2611  54.5053
2621  25.2565
2631  43.5246
2641  37.4866
2651  27.8046
2661  32.607
2671  39.651
2681  21.4567
2691  32.8663
2701  40.7876
2711  29.2676
2721  29.0387
2731  30.3168
2741  29.2056
2751  18.3372
2761  18.0872
2771  8.11234
2781  25.3984
2791  13.5723
2801  20.7355
2811  33.3956
2821  30.6222
2831  25.5197
2841  31.8491
2851  31.3411
2861  17.156
2871  39.5648
2881  36.0145
2891  27.7262
2901  30.5406
2911  39.8328
2921  31.9118
2931  23.3721
2941  37.3973
2951  11.5952
2961  26.9468
2971  25.1261
2981  32.5835
2991  22.3172
3001  23.0831
3011  20.1732
3021  52.3913
3031  11.1808
3041  14.9625
3051  27.6181
3061  22.0698
3071  22.5925
3081  40.9512
3091  16.6591
3101  30.7481
3111  34.1149
3121  28.9447
3131  27.858
3141  22.0802
3151  26.7335
3161  32.6812
3171  29.2468
3181  31.5389
3191  27.6009
3201  35.9954
3211  47.023
3221  32.3453
3231  44.6124
3241  32.7646
3251  31.5491
3261  33.5937
3271  41.2984
3281  29.6221
3291  23.0171
3301  23.3724
3311  26.6222
3321  25.9528
3331  19.8345
3341  38.8084
3351  27.1516
3361  26.7545
3371  14.457
3381  20.9785
3391  25.372
3401  22.7108
3411  30.5446
3421  35.553
3431  37.6804
3441  7.05297
3451  20.1143
3461  29.9777
3471  20.6042
3481  30.7211
3491  25.7209
3501  32.6073
3511  11.1603
3521  28.5304
3531  41.9081
3541  22.9775
3551  45.9246
3561  38.2735
3571  30.6622
3581  2.64553
3591  17.6327
3601  35.878
3611  20.97
3621  18.9959
3631  30.1787
3641  33.9893
3651  22.9618
3661  30.2738
3671  30.4405
3681  18.2475
3691  32.9245
3701  38.5875
3711  34.7249
3721  52.863
3731  19.5861
3741  45.4121
3751  28.5588
3761  44.946
3771  25.765
3781  21.294
3791  20.3772
3801  34.1435
3811  33.5458
3821  39.6657
3831  37.3361
3841  23.0906
3851  34.4528
3861  33.1741
3871  34.6993
3881  28.5175
3891  19.3642
3901  48.3243
3911  31.8257
3921  24.9259
3931  23.5471
3941  24.2095
3951  30.8219
3961  38.3105
3971  46.7769
3981  30.5122
3991  11.5169
4001  24.8017
4011  32.6661
4021  30.9543
4031  57.9048
4041  47.4979
4051  33.7017
4061  28.6847
4071  19.9467
4081  44.7276
4091  38.2742
4101  21.2362
4111  23.4184
4121  18.2537
4131  31.5639
4141  32.587
4151  22.2404
4161  35.1832
4171  4.59924
4181  26.7569
4191  12.2792
4201  21.4966
4211  32.4046
4221  36.9974
4231  37.2051
4241  29.5964
4251  32.913
4261  31.1153
4271  47.4414
4281  29.1612
4291  20.3633
4301  23.9235
4311  34.0589
4321  30.4172
4331  21.2381
4341  6.39292
4351  8.64085
4361  14.1864
4371  33.4266
4381  42.2426
4391  39.934
4401  26.8801
4411  32.6471
4421  42.2921
4431  25.2166
4441  26.8758
4451  23.4792
4461  58.5406
4471  37.0163
4481  26.8019
4491  26.702
4501  40.7668
4511  23.2794
4521  33.9679
4531  28.8959
4541  16.7775
4551  20.6976
4561  28.4874
4571  25.1856
4581  24.0688
4591  28.4939
4601  36.7423
4611  37.4725
4621  30.2473
4631  24.0284
4641  16.6914
4651  15.6238
4661  48.5794
4671  23.6766
4681  41.7024
4691  21.2033
4701  34.2037
4711  34.2236
4721  21.8375
4731  17.8341
4741  22.854
4751  44.4015
4761  23.9912
4771  46.5784
4781  21.1668
4791  38.3574
4801  24.3216
4811  40.4585
4821  49.1537
4831  27.1367
4841  31.1715
4851  21.5289
4861  27.9495
4871  34.2948
4881  32.4217
4891  25.6804
4901  25.4056
4911  37.4514
4921  21.475
4931  40.2924
4941  32.2313
4951  32.5678
4961  23.4855
4971  40.9399
4981  35.7084
4991  51.7619
5001  17.6235
5011  42.6194
5021  43.7213
5031  22.6468
5041  33.1282
5051  41.2848
5061  27.1079
5071  30.2982
5081  28.3378
5091  38.5717
5101  28.498
5111  33.9915
5121  15.4455
5131  29.0005
5141  26.0163
5151  32.7666
5161  32.4902
5171  29.2944
5181  37.3443
5191  46.3178
5201  36.1499
5211  34.74
5221  21.1195
5231  45.5987
5241  45.679
5251  30.055
5261  39.8473
5271  30.6632
5281  23.4242
5291  28.3157
5301  28.5135
5311  20.9272
5321  46.0743
5331  6.50762
5341  40.6569
5351  36.0861
5361  28.1511
5371  43.3974
5381  27.7386
5391  45.7176
5401  21.2004
5411  30.4417
5421  30.9808
5431  27.6552
5441  21.9506
5451  21.7111
5461  10.1573
5471  8.18998
5481  33.1835
5491  14.3182
5501  24.0033
5511  19.1263
5521  36.8976
5531  20.2834
5541  25.7759
5551  21.7047
5561  25.6065
5571  35.3371
5581  24.9713
5591  39.4971
5601  7.58689
5611  32.1573
5621  32.53
5631  23.4634
5641  44.3702
5651  15.3316
5661  36.5451
5671  41.6091
5681  36.184
5691  42.0284
5701  35.3016
5711  39.048
5721  42.3979
5731  46.4269
5741  24.6534
5751  23.0536
5761  25.9556
5771  36.1756
5781  26.4448
5791  20.8293
5801  33.2645
5811  19.9989
5821  28.2175
5831  4.58446
5841  17.9007
5851  41.4942
5861  44.43
5871  44.2326
5881  28.7279
5891  31.8604
5901  33.1359
5911  33.1841
5921  17.0515
5931  36.0998
5941  39.8382
5951  17.982
5961  32.3658
5971  38.9603
5981  26.4554
5991  31.2694
6001  29.3082
6011  17.6792
6021  32.908
6031  25.7268
6041  27.7826
6051  28.5126
6061  42.9983
6071  29.266
6081  25.5649
6091  33.1463
6101  41.9306
6111  32.3406
6121  19.792
6131  34.9848
6141  24.2369
6151  20.2624
6161  18.3704
6171  23.0691
6181  36.0616
6191  32.7242
6201  20.7943
6211  12.2453
6221  34.6041
6231  38.1585
6241  32.8964
6251  29.0293
6261  31.5119
6271  26.8278
6281  34.0908
6291  23.8939
6301  32.5404
6311  33.4322
6321  28.9299
6331  13.783
6341  39.8603
6351  27.0161
6361  42.2381
6371  28.6161
6381  33.3012
6391  30.8649
6401  28.7997
6411  35.7933
6421  24.9413
6431  9.86929
6441  34.3126
6451  36.8997
6461  31.3426
6471  10.3387
6481  32.3991
6491  14.8764
6501  38.5995
6511  42.1574
6521  37.2685
6531  19.8464
6541  29.3928
6551  26.6751
6561  26.4274
6571  42.1409
6581  27.8467
6591  35.2741
6601  47.6585
6611  32.2235
6621  22.3648
6631  50.0344
6641  41.0391
6651  36.88
6661  23.1604
6671  6.74743
6681  9.9816
6691  19.276
6701  25.273
6711  32.1671
6721  30.1578
6731  30.1483
6741  43.6278
6751  37.0146
6761  39.552
6771  10.6509
6781  18.3811
6791  44.3858
6801  35.1343
6811  38.5581
6821  31.9695
6831  24.8916
6841  21.9759
6851  37.5682
6861  16.5587
6871  42.7375
6881  20.0328
6891  29.6528
6901  33.2339
6911  44.9262
6921  25.8313
6931  33.4572
6941  36.8802
6951  18.1926
6961  24.5877
6971  38.5422
6981  24.0858
6991  7.82938
7001  36.8767
7011  25.3865
7021  6.21973
7031  3.97819
7041  32.743
7051  35.4621
7061  24.2303
7071  30.4353
7081  35.2599
7091  37.0436
7101  29.135
7111  43.0405
7121  31.4332
7131  26.3793
7141  17.01
7151  23.1307
7161  33.3764
7171  33.616
7181  10.5113
7191  30.9674
7201  43.0346
7211  40.0918
7221  55.3552
7231  38.134
7241  40.064
7251  24.7735
7261  26.8605
7271  29.4398
7281  16.5101
7291  31.6671
7301  29.1356
7311  29.0149
7321  13.4036
7331  29.0754
7341  27.3996
7351  22.0772
7361  23.2202
7371  34.434
7381  35.9285
7391  28.4665
7401  24.0313
7411  33.6687
7421  15.9695
7431  40.1575
7441  35.2612
7451  33.3935
7461  37.3936
7471  22.1119
7481  34.6972
7491  19.5391
7501  30.0771
7511  27.3362
7521  30.3771
7531  40.9774
7541  19.5137
7551  37.007
7561  33.7993
7571  21.8304
7581  23.5337
7591  37.2412
7601  46.7534
7611  38.5582
7621  18.2346
7631  11.6308
7641  21.3198
7651  20.7692
7661  49.7685
7671  12.7846
7681  29.2965
7691  37.4434
7701  26.4994
7711  30.6964
7721  36.2969
7731  41.1105
7741  36.7408
7751  10.6213
7761  19.6416
7771  38.8022
7781  48.7329
7791  39.2144
7801  41.1234
7811  33.9802
7821  18.7871
7831  25.904
7841  28.3505
7851  30.1477
7861  35.0127
7871  10.8649
7881  19.2321
7891  36.4054
7901  24.1986
7911  19.3491
7921  40.3241
7931  27.6181
7941  23.3721
7951  34.9975
7961  34.1875
7971  23.9928
7981  22.1032
7991  13.143
8001  25.8885
8011  20.1892
8021  28.1585
8031  31.563
8041  40.3341
8051  46.231
8061  23.8478
8071  31.7502
8081  51.4134
8091  25.8764
8101  25.6077
8111  47.958
8121  31.01
8131  47.0826
8141  42.1253
8151  31.7734
8161  45.9174
8171  53.0388
8181  32.9291
8191  12.6345
8201  46.1568
8211  27.3551
8221  39.4235
8231  35.0643
8241  32.718
8251  26.5616
8261  34.6035
8271  41.6603
8281  27.1735
8291  24.2138
8301  25.3212
8311  31.3369
8321  41.5822
8331  38.9208
8341  42.2054
8351  40.3421
8361  42.0634
8371  14.6112
8381  31.8177
8391  25.3344
8401  19.8402
8411  35.0288
8421  54.3885
8431  21.9534
8441  36.7536
8451  15.8752
8461  23.4936
8471  15.8085
8481  34.4717
8491  29.7571
8501  32.2565
8511  46.2516
8521  40.631
8531  7.73194
8541  23.99
8551  20.7911
8561  28.9665
8571  45.0893
8581  44.0407
8591  28.8253
8601  44.4795
8611  39.8042
8621  28.1921
8631  34.6574
8641  26.0571
8651  11.4567
8661  38.1778
8671  23.0714
8681  21.326
8691  17.6955
8701  33.4524
8711  23.157
8721  33.6676
8731  49.4086
8741  40.8377
8751  28.8297
8761  30.3886
8771  45.4354
8781  35.8052
8791  18.5473
8801  44.0009
8811  40.8388
8821  30.4163
8831  41.7862
8841  30.212
8851  43.6759
8861  34.1802
8871  31.9602
8881  31.0418
8891  36.2226
8901  21.2331
8911  38.825
8921  16.0801
8931  34.8745
8941  30.4641
8951  40.3581
8961  24.3962
8971  46.4754
8981  20.3276
8991  16.6365
9001  40.3467
9011  28.3667
9021  14.7194
9031  15.2208
9041  66.4612
9051  44.6564
9061  29.8835
9071  19.6081
9081  39.768
9091  20.5934
9101  28.1208
9111  22.6279
9121  29.2196
9131  36.652
9141  23.4468
9151  12.5066
9161  14.5525
9171  36.4416
9181  30.138
9191  31.0224
9201  10.1986
9211  59.2515
9221  30.8339
9231  29.2541
9241  31.5854
9251  22.7623
9261  17.3557
9271  35.5565
9281  51.3459
9291  21.6159
9301  36.3127
9311  28.324
9321  43.1716
9331  27.8646
9341  28.1355
9351  25.6887
9361  35.9453
9371  36.1339
9381  34.3248
9391  11.3029
9401  20.2128
9411  33.659
9421  18.7274
9431  28.9251
9441  47.9156
9451  22.0718
9461  24.6692
9471  30.7528
9481  36.0399
9491  21.218
9501  42.6336
9511  24.4932
9521  20.7122
9531  34.7022
9541  15.4792
9551  27.0731
9561  21.762
9571  22.3218
9581  15.8306
9591  26.9538
9601  38.0069
9611  33.5392
9621  34.519
9631  27.2834
9641  24.5376
9651  27.8238
9661  22.5742
9671  26.8074
9681  13.5069
9691  36.6697
9701  25.293
9711  22.2124
9721  15.8017
9731  23.8548
9741  31.5476
9751  13.5769
9761  28.5492
9771  39.6432
9781  37.5727
9791  2.39751
9801  25.8931
9811  27.1462
9821  40.1937
9831  18.4004
9841  25.6971
9851  22.4011
9861  20.9678
9871  39.488
9881  36.4251
9891  37.8207
9901  16.374
9911  45.1845
9921  18.3824
9931  20.4709
9941  33.7593
9951  34.2611
9961  28.6815
9971  22.5517
9981  38.0723
9991  32.3706
10001  43.0403
10011  47.1983
10021  13.7481
10031  41.7431
10041  26.7295
10051  12.6506
10061  15.9111
10071  19.928
10081  21.1411
10091  30.0935
10101  19.463
10111  45.7612
10121  33.5464
10131  34.033
10141  40.2362
10151  35.896
10161  32.2504
10171  22.3346
10181  18.0751
10191  13.0785
10201  31.6125
10211  28.2461
10221  15.6995
10231  37.5733
10241  27.2154
10251  28.6856
10261  24.7226
10271  40.6851
10281  44.3674
10291  30.6561
10301  30.8997
10311  20.5006
10321  19.8243
10331  32.7238
10341  39.2281
10351  38.0196
10361  28.9909
10371  14.26
10381  18.2404
10391  35.3933
10401  24.3255
10411  33.5763
10421  37.3223
10431  18.7994
10441  36.5757
10451  7.57592
10461  32.706
10471  26.8317
10481  30.5644
10491  45.51
10501  23.543
10511  27.6686
10521  22.883
10531  17.6342
10541  24.7349
10551  27.2271
10561  20.2173
10571  58.3928
10581  15.721
10591  27.7529
10601  39.9409
10611  27.6739
10621  32.5619
10631  30.6677
10641  47.3258
10651  30.035
10661  18.8869
10671  52.2736
10681  50.4596
10691  28.7056
10701  42.1015
10711  12.8318
10721  35.4291
10731  40.849
10741  32.1016
10751  8.87001
10761  37.4103
10771  31.8294
10781  27.4926
10791  31.6709
10801  30.8077
10811  12.2998
10821  33.3926
10831  45.017
10841  28.0345
10851  31.363
10861  31.7275
10871  30.6225
10881  31.1877
10891  19.7822
10901  26.7448
10911  33.0992
10921  9.95528
10931  30.8052
10941  17.051
10951  47.8101
10961  40.6218
10971  21.1577
10981  40.2294
10991  24.5727
1001  26.2475
1011  39.2247
1021  35.0505
1031  26.1498
1041  27.8457
1051  32.8488
1061  33.7191
1071  23.3825
1081  22.7802
1091  30.3093
1101  29.7961
1111  36.4588
1121  30.3572
1131  38.0389
1141  29.1483
1151  35.0716
1161  40.1691
1171  40.2897
1181  20.3645
1191  27.176
1201  29.5987
1211  41.6742
1221  30.478
1231  39.011
1241  24.1946
1251  36.1263
1261  23.7261
1271  38.9435
1281  38.4267
1291  24.9913
1301  25.2132
1311  33.3894
1321  32.2993
1331  27.3646
1341  28.9872
1351  29.9492
1361  32.7702
1371  42.8893
1381  36.2472
1391  25.6454
1401  31.3884
1411  32.8198
1421  21.3819
1431  31.1703
1441  31.6967
1451  37.0044
1461  31.8001
1471  31.4962
1481  31.8163
1491  30.5002
1501  31.1786
1511  30.5488
1521  33.1817
1531  23.697
1541  26.0687
1551  26.1006
1561  25.6721
1571  26.8331
1581  39.041
1591  35.233
1601  32.5201
1611  23.4049
1621  38.0816
1631  29.1905
1641  28.3455
1651  25.1968
1661  30.8238
1671  42.7322
1681  29.9696
1691  26.3004
1701  30.4256
1711  26.6948
1721  26.2016
1731  27.5019
1741  35.1118
1751  31.6486
1761  28.5205
1771  39.4668
1781  28.1995
1791  37.4214
1801  28.8833
1811  25.1897
1821  37.1882
1831  21.8073
1841  30.2566
1851  33.4172
1861  30.1476
1871  20.3308
1881  28.4654
1891  25.9056
1901  29.3868
1911  27.4035
1921  29.3391
1931  29.489
1941  24.9937
1951  35.7494
1961  25.3681
1971  32.1867
1981  30.3204
1991  26.2375
2001  29.2075
2011  33.0266
2021  30.9955
2031  29.3599
2041  27.6167
2051  35.71
2061  27.1664
2071  36.9117
2081  24.9931
2091  18.312
2101  44.0312
2111  34.3347
2121  26.5685
2131  37.2082
2141  39.7458
2151  38.3755
2161  26.6568
2171  37.6636
2181  35.0155
2191  29.5462
2201  32.0298
2211  32.863
2221  31.2372
2231  33.0567
2241  28.2857
2251  40.3059
2261  24.3033
2271  23.8051
2281  27.7291
2291  37.7815
2301  39.9238
2311  25.5328
2321  40.6461
2331  34.356
2341  34.0931
2351  29.2344
2361  24.0837
2371  33.4898
2381  20.5893
2391  21.1525
2401  45.2533
2411  41.6954
2421  29.7588
2431  28.3152
2441  44.203
2451  42.0829
2461  35.7009
2471  29.2258
2481  26.4161
2491  41.3678
2501  28.1865
2511  39.9259
2521  26.181
2531  16.2738
2541  29.7605
2551  35.5843
2561  29.0527
2571  38.0016
2581  29.5145
2591  33.8212
2601  30.8269
2611  21.1425
2621  31.0127
2631  27.247
2641  24.8115
2651  24.3572
2661  32.9904
2671  29.7963
2681  28.8452
2691  27.8572
2701  26.1416
2711  28.3576
2721  38.552
2731  29.4808
2741  31.4321
2751  34.3164
2761  43.0363
2771  35.8784
2781  39.4078
2791  43.9235
2801  38.3335
2811  35.765
2821  33.1429
2831  28.574
2841  29.2815
2851  37.0726
2861  40.0743
2871  25.9162
2881  28.3708
2891  24.8904
2901  29.9655
2911  27.6299
2921  24.24
2931  26.5085
2941  33.1471
2951  38.9123
2961  29.2861
2971  35.6523
2981  40.843
2991  31.4649
3001  27.8924
3011  28.7729
3021  28.6124
3031  35.0838
3041  34.9624
3051  25.289
3061  36.1661
3071  29.498
3081  24.1725
3091  37.0106
3101  33.2676
3111  29.9242
3121  23.0096
3131  31.0113
3141  31.691
3151  29.9156
3161  40.5178
3171  29.1204
3181  28.023
3191  38.1855
3201  25.9665
3211  34.9752
3221  24.3042
3231  22.6749
3241  22.0076
3251  27.307
3261  21.5185
3271  37.044
3281  39.6632
3291  28.5595
3301  27.4827
3311  22.7724
3321  36.1683
3331  33.3511
3341  23.2455
3351  36.8808
3361  30.0853
3371  31.6978
3381  29.7101
3391  34.3681
3401  35.932
3411  38.7242
3421  34.1558
3431  21.6593
3441  49.7521
3451  26.0699
3461  36.5507
3471  36.2421
3481  28.9684
3491  30.6047
3501  19.2482
3511  39.6499
3521  31.9254
3531  24.7368
3541  31.6007
3551  33.0865
3561  24.3501
3571  24.8663
3581  48.66
3591  34.4427
3601  30.0838
3611  49.4929
3621  33.0534
3631  27.9494
3641  30.1187
3651  29.8693
3661  27.1699
3671  37.3
3681  36.2409
3691  38.7399
3701  25.3968
3711  32.374
3721  20.1883
3731  25.9281
3741  32.1718
3751  27.9804
3761  30.7102
3771  32.9806
3781  29.7801
3791  29.4792
3801  37.0827
3811  31.189
3821  36.2922
3831  38.4784
3841  33.1272
3851  29.696
3861  35.5734
3871  28.1707
3881  34.7027
3891  32.8118
3901  24.4625
3911  31.9881
3921  32.5554
3931  26.8515
3941  28.2407
3951  21.9297
3961  27.3639
3971  21.9828
3981  35.7369
3991  43.8199
4001  27.2592
4011  27.5512
4021  34.9221
4031  23.3444
4041  26.404
4051  34.1872
4061  22.771
4071  27.6593
4081  27.5401
4091  22.6763
4101  33.171
4111  29.0945
4121  41.6702
4131  31.0442
4141  32.0771
4151  40.367
4161  32.117
4171  55.923
4181  29.8085
4191  40.6394
4201  38.1272
4211  30.8983
4221  27.1933
4231  25.4132
4241  33.5502
4251  38.6448
4261  28.9646
4271  27.7833
4281  36.7546
4291  33.6609
4301  24.0238
4311  30.3207
4321  25.2596
4331  30.5154
4341  44.9976
4351  39.55
4361  36.6219
4371  29.1973
4381  23.1842
4391  20.0955
4401  28.343
4411  40.603
4421  24.5925
4431  38.191
4441  29.7147
4451  30.9106
4461  28.8602
4471  27.6625
4481  37.1327
4491  36.6279
4501  24.4721
4511  33.4316
4521  38.5061
4531  23.2892
4541  34.1097
4551  33.7661
4561  25.5871
4571  43.0572
4581  29.8584
4591  31.8779
4601  27.5754
4611  31.3294
4621  34.8847
4631  33.5159
4641  39.2167
4651  30.8663
4661  26.3367
4671  36.5737
4681  28.9727
4691  35.7855
4701  32.743
4711  27.1654
4721  33.7533
4731  33.7446
4741  37.8169
4751  35.7605
4761  33.2733
4771  33.9507
4781  34.1472
4791  32.0014
4801  32.2762
4811  29.2146
4821  26.5836
4831  31.6014
4841  30.8366
4851  44.5212
4861  33.4917
4871  37.3954
4881  32.6125
4891  36.541
4901  24.2534
4911  22.7746
4921  45.3902
4931  29.02
4941  34.7573
4951  35.0962
4961  28.7197
4971  29.1207
4981  31.7309
4991  21.4803
5001  41.5942
5011  31.7734
5021  23.3652
5031  35.3363
5041  33.3919
5051  23.4675
5061  33.8238
5071  31.8868
5081  27.2522
5091  30.4923
5101  31.4806
5111  27.8207
5121  41.3497
5131  25.585
5141  32.2932
5151  23.8661
5161  32.5251
5171  43.108
5181  20.4215
5191  21.8955
5201  26.3437
5211  31.8374
5221  37.8654
5231  24.6341
5241  27.2483
5251  24.7332
5261  32.4683
5271  28.6709
5281  40.9564
5291  36.7903
5301  31.7149
5311  34.6004
5321  30.5928
5331  40.8905
5341  31.9044
5351  20.6653
5361  25.7884
5371  26.7695
5381  33.7823
5391  31.3004
5401  35.1767
5411  32.434
5421  31.9678
5431  32.5736
5441  28.2293
5451  27.807
5461  34.2956
5471  54.9041
5481  32.3639
5491  40.681
5501  32.6246
5511  36.9106
5521  24.3508
5531  36.246
5541  28.7043
5551  39.1851
5561  29.1875
5571  28.2336
5581  27.9617
5591  30.4675
5601  33.0241
5611  34.1473
5621  35.0072
5631  33.1101
5641  31.3215
5651  29.1745
5661  30.6405
5671  21.4496
5681  31.4167
5691  28.0071
5701  26.3953
5711  34.5009
5721  18.7363
5731  22.0898
5741  35.098
5751  34.4953
5761  37.9952
5771  25.0452
5781  36.6781
5791  34.116
5801  24.0394
5811  43.0868
5821  30.599
5831  40.4073
5841  32.069
5851  23.5192
5861  27.4781
5871  22.4154
5881  30.5901
5891  25.2902
5901  33.4689
5911  31.8595
5921  30.0074
5931  36.3608
5941  25.4186
5951  39.108
5961  29.7526
5971  24.0058
5981  33.4865
5991  37.1501
6001  30.4505
6011  33.5338
6021  28.2888
6031  28.8369
6041  21.0897
6051  34.8145
6061  27.5656
6071  30.419
6081  20.8069
6091  22.8956
6101  24.0482
6111  33.7455
6121  36.1664
6131  37.6002
6141  27.9723
6151  35.3219
6161  32.8772
6171  35.5697
6181  40.7503
6191  30.1742
6201  48.6437
6211  38.2612
6221  27.5205
6231  31.224
6241  33.3923
6251  33.8652
6261  34.6359
6271  30.6873
6281  34.3822
6291  38.3567
6301  26.5109
6311  34.7507
6321  27.5663
6331  42.8987
6341  18.5956
6351  30.9169
6361  28.8238
6371  33.0047
6381  27.2182
6391  29.0889
6401  33.205
6411  25.905
6421  27.2893
6431  44.511
6441  35.7038
6451  29.6576
6461  37.6646
6471  50.3795
6481  31.7827
6491  41.0265
6501  29.7218
6511  25.8566
6521  31.8717
6531  37.531
6541  24.9583
6551  29.6819
6561  30.9572
6571  30.1385
6581  21.7874
6591  34.6307
6601  22.1482
6611  27.4464
6621  32.4976
6631  26.1372
6641  23.2242
6651  26.3512
6661  38.1281
6671  52.5208
6681  41.8317
6691  39.177
6701  30.1737
6711  29.6762
6721  30.2739
6731  30.4969
6741  30.1129
6751  25.7383
6761  23.8623
6771  36.8649
6781  32.0657
6791  21.682
6801  33.7404
6811  24.8342
6821  45.3192
6831  32.0389
6841  34.1456
6851  26.6818
6861  29.9941
6871  18.995
6881  43.6575
6891  27.7828
6901  27.436
6911  25.618
6921  34.4554
6931  25.5345
6941  34.6321
6951  38.8553
6961  38.5816
6971  35.6539
6981  28.844
6991  41.7502
7001  29.462
7011  32.6704
7021  39.9257
7031  42.6628
7041  26.5201
7051  29.0256
7061  31.0437
7071  37.4321
7081  25.9118
7091  28.2293
7101  30.3966
7111  24.2392
7121  29.0837
7131  31.9074
7141  34.9461
7151  36.4288
7161  31.4282
7171  23.9463
7181  41.7558
7191  31.2974
7201  22.8524
7211  23.0832
7221  28.2823
7231  35.291
7241  28.3807
7251  29.355
7261  33.5118
7271  29.2891
7281  39.2277
7291  27.5385
7301  40.3136
7311  29.7848
7321  38.5045
7331  29.151
7341  34.9067
7351  31.6881
7361  32.4522
7371  34.2674
7381  31.7353
7391  27.128
7401  29.9861
7411  31.3567
7421  30.6487
7431  22.5319
7441  29.1387
7451  33.8351
7461  32.9226
7471  48.0093
7481  38.6821
7491  37.5919
7501  23.8754
7511  43.2081
7521  32.4453
7531  29.6222
7541  34.751
7551  27.1241
7561  24.5552
7571  40.5311
7581  24.7838
7591  32.7626
7601  25.6602
7611  27.3437
7621  37.3895
7631  32.4622
7641  36.4035
7651  37.8931
7661  27.8565
7671  42.1682
7681  30.3735
7691  26.2913
7701  34.9553
7711  33.874
7721  28.9682
7731  37.0396
7741  22.2805
7751  35.3622
7761  33.3135
7771  27.6474
7781  23.9886
7791  21.3274
7801  28.4829
7811  34.6289
7821  29.9499
7831  30.4986
7841  30.2503
7851  27.6501
7861  30.8552
7871  42.1211
7881  33.0939
7891  31.9913
7901  29.0552
7911  30.5549
7921  29.0958
7931  26.673
7941  32.7677
7951  30.3454
7961  21.1513
7971  28.5495
7981  25.0481
7991  45.0942
8001  27.7306
8011  34.1362
8021  32.7904
8031  30.3328
8041  28.3389
8051  30.3091
8061  33.0844
8071  27.6426
8081  22.2631
8091  33.5796
8101  31.7156
8111  31.8577
8121  27.0156
8131  26.7956
8141  32.0108
8151  30.3152
8161  20.7332
8171  21.9932
8181  23.8238
8191  45.6467
8201  28.2723
8211  29.0746
8221  31.0721
8231  27.9569
8241  33.5956
8251  33.2431
8261  30.0356
8271  32.2191
8281  32.4204
8291  30.027
8301  36.1149
8311  35.8688
8321  20.1325
8331  23.958
8341  28.0348
8351  18.7372
8361  25.5995
8371  35.0289
8381  36.5389
8391  33.1208
8401  34.5601
8411  32.3717
8421  22.3819
8431  38.5827
8441  28.2548
8451  37.0622
8461  33.1279
8471  36.3475
8481  38.9537
8491  27.1184
8501  24.829
8511  30.7476
8521  30.1689
8531  36.4961
8541  33.2552
8551  29.4414
8561  33.0176
8571  22.1164
8581  36.0567
8591  32.8493
8601  21.6389
8611  32.1364
8621  35.1098
8631  25.4114
8641  24.9489
8651  33.0128
8661  31.4556
8671  29.5167
8681  36.6569
8691  41.1838
8701  27.5606
8711  38.2446
8721  27.8271
8731  20.1338
8741  27.1751
8751  42.9766
8761  34.7264
8771  23.9364
8781  22.6951
8791  37.2949
8801  22.4225
8811  21.7673
8821  35.8911
8831  30.7439
8841  30.7147
8851  20.3994
8861  29.4384
8871  33.8351
8881  35.1189
8891  31.0118
8901  26.9294
8911  27.4057
8921  39.7881
8931  22.7822
8941  33.7731
8951  21.6784
8961  39.1165
8971  19.803
8981  31.2203
8991  38.0259
9001  24.8808
9011  28.8383
9021  27.6113
9031  35.8332
9041  21.4667
9051  28.01
9061  21.1468
9071  35.7482
9081  28.6347
9091  36.4216
9101  29.4189
9111  39.3525
9121  32.4332
9131  28.245
9141  39.1053
9151  45.4882
9161  34.9705
9171  34.0515
9181  36.9846
9191  26.8974
9201  42.4524
9211  22.1936
9221  27.4398
9231  37.5229
9241  26.3965
9251  34.8211
9261  36.9496
9271  26.341
9281  21.6257
9291  34.1898
9301  27.2386
9311  24.8176
9321  36.8423
9331  29.3104
9341  31.2741
9351  27.5738
9361  30.3285
9371  26.6834
9381  31.0934
9391  34.8132
9401  34.0027
9411  33.9184
9421  32.806
9431  30.7277
9441  32.972
9451  38.7331
9461  33.1853
9471  28.0105
9481  25.1427
9491  36.1362
9501  22.5135
9511  34.7847
9521  28.8543
9531  17.6138
9541  42.958
9551  36.0587
9561  35.029
9571  28.5619
9581  33.3166
9591  25.9251
9601  22.4681
9611  29.3373
9621  26.4562
9631  30.3601
9641  31.1101
9651  40.1651
9661  34.4109
9671  31.5303
9681  32.802
9691  22.7234
9701  27.5472
9711  30.0255
9721  38.8915
9731  36.1487
9741  26.5606
9751  44.0041
9761  27.8993
9771  26.9365
9781  33.5493
9791  39.6365
9801  37.2017
9811  37.5507
9821  18.958
9831  32.9369
9841  31.8345
9851  26.6717
9861  33.6333
9871  35.0539
9881  31.4369
9891  23.2606
9901  30.4053
9911  21.0392
9921  43.9718
9931  39.2518
9941  34.1116
9951  34.0986
9961  29.2831
9971  40.3821
9981  31.2319
9991  18.6576
10001  22.654
10011  27.1633
10021  28.3907
10031  23.0042
10041  26.3099
10051  44.177
10061  33.5764
10071  30.8454
10081  34.3789
10091  28.4674
10101  32.4195
10111  25.3257
10121  32.4827
10131  33.0316
10141  26.8351
10151  28.2609
10161  27.9042
10171  31.9522
10181  31.5529
10191  32.7203
10201  32.0828
10211  35.9599
10221  39.4086
10231  25.2614
10241  38.0521
10251  25.2971
10261  38.27
10271  26.3428
10281  34.1278
10291  37.402
10301  33.1492
10311  29.3526
10321  28.8623
10331  30.5351
10341  31.8773
10351  23.8531
10361  29.2151
10371  30.0187
10381  40.2631
10391  27.4831
10401  28.3376
10411  27.9409
10421  26.4946
10431  39.7848
10441  37.3278
10451  38.4476
10461  33.5342
10471  32.9332
10481  28.5157
10491  27.3464
10501  37.4343
10511  30.5145
10521  27.2172
10531  35.509
10541  28.533
10551  28.7693
10561  25.7568
10571  27.2458
10581  35.3653
10591  23.9972
10601  29.523
10611  24.3063
10621  37.7852
10631  31.7595
10641  34.2469
10651  27.6487
10661  32.1525
10671  24.0312
10681  25.7583
10691  26.2709
10701  25.5571
10711  39.6563
10721  40.9426
10731  23.4948
10741  33.3436
10751  41.627
10761  28.8884
10771  26.8417
10781  34.1764
10791  27.1909
10801  26.554
10811  37.855
10821  32.1233
10831  31.4636
10841  34.2724
10851  30.4425
10861  30.0113
10871  33.6758
10881  29.3094
10891  33.8303
10901  28.1719
10911  24.9147
10921  42.6423
10931  32.1477
10941  38.6891
10951  21.9668
10961  28.8586
10971  36.1137
10981  35.271
10991  25.0346
