1001  4.3901
1011  7.59875
1021  2.33091
1031  3.135
1041  3.14062
1051  4.04879
1061  1.71419
1071  8.36051
1081  3.06125
1091  6.70309
1101  2.81316
1111  2.03612
1121  3.33612
1131  4.04701
1141  5.69915
1151  5.08246
1161  5.36615
1171  3.49973
1181  2.72477
1191  4.87773
1201  2.69725
1211  8.14397
1221  1.88082
1231  3.89248
1241  4.79723
1251  2.03522
1261  2.78094
1271  2.46515
1281  4.35879
1291  3.01221
1301  4.84657
1311  2.2153
1321  7.23371
1331  5.21407
1341  2.88171
1351  3.1258
1361  5.02167
1371  6.52084
1381  2.99979
1391  8.60041
1401  4.66413
1411  3.82078
1421  6.64527
1431  6.1825
1441  2.45984
1451  6.86545
1461  4.36677
1471  2.15914
1481  5.18471
1491  5.75813
1501  4.83349
1511  1.77427
1521  7.87838
1531  4.96333
1541  5.44274
1551  1.44576
1561  7.76315
1571  4.94639
1581  2.01453
1591  2.33138
1601  5.04827
1611  3.165
1621  3.17814
1631  5.3095
1641  8.71503
1651  3.37604
1661  4.39592
1671  5.45339
1681  6.67617
1691  3.91964
1701  4.04367
1711  5.08179
1721  1.82643
1731  6.48025
1741  3.57104
1751  5.62522
1761  8.4406
1771  2.87837
1781  2.4328
1791  1.57897
1801  5.46574
1811  4.59949
1821  5.03857
1831  8.0894
1841  7.15933
1851  2.63958
1861  7.21608
1871  2.35891
1881  6.78823
1891  3.93491
1901  7.84649
1911  5.35138
1921  1.6881
1931  8.422
1941  5.60425
1951  3.94873
1961  4.17081
1971  6.24708
1981  3.70462
1991  3.7605
2001  3.7864
2011  6.13802
2021  2.83292
2031  5.8009
2041  8.17891
2051  5.52701
2061  1.95466
2071  6.79676
2081  6.30495
2091  5.68652
2101  9.25679
2111  2.91742
2121  8.08088
2131  6.30508
2141  4.12591
2151  2.53981
2161  9.34253
2171  3.70522
2181  2.88053
2191  4.50717
2201  3.67499
2211  3.48951
2221  7.59913
2231  9.46965
2241  7.76012
2251  1.71815
2261  3.96628
2271  2.15998
2281  5.31067
2291  3.91611
2301  3.53223
2311  5.55209
2321  5.35592
2331  6.59745
2341  6.10473
2351  8.45976
2361  4.1913
2371  5.51275
2381  3.79543
2391  4.81625
2401  8.41905
2411  3.38441
2421  4.29174
2431  4.36895
2441  4.37869
2451  1.23192
2461  4.86254
2471  3.86885
2481  7.03628
2491  3.3928
2501  2.56773
2511  5.80485
2521  3.83384
2531  1.51311
2541  6.43419
2551  2.79649
2561  2.65574
2571  6.24183
2581  3.32493
2591  3.96754
2601  6.70093
2611  4.44668
2621  4.33312
2631  2.9191
2641  2.07026
2651  4.6816
2661  8.35759
2671  2.47682
2681  4.00039
2691  2.68148
2701  2.23994
2711  6.59092
2721  5.82109
2731  6.81684
2741  3.62149
2751  3.49605
2761  4.15908
2771  3.85662
2781  8.13993
2791  3.83985
2801  5.05093
2811  3.6591
2821  2.93573
2831  6.33583
2841  2.88348
2851  4.04394
2861  5.99466
2871  6.32824
2881  2.6693
2891  4.69401
2901  6.49097
2911  5.4576
2921  6.40072
2931  2.52902
2941  1.39624
2951  7.9513
2961  3.2923
2971  6.83358
2981  4.89479
2991  4.74035
3001  3.3345
3011  7.65361
3021  2.65834
3031  6.8779
3041  5.95595
3051  3.52345
3061  4.25596
3071  6.13879
3081  4.71143
3091  6.98857
3101  2.27292
3111  2.8647
3121  6.05044
3131  6.74348
3141  2.39675
3151  5.5505
3161  4.61208
3171  2.81789
3181  5.24722
3191  4.84914
3201  3.61487
3211  2.94325
3221  1.94443
3231  1.6831
3241  3.51166
3251  5.19607
3261  3.16969
3271  6.11322
3281  4.03073
3291  3.1293
3301  4.89037
3311  5.6449
3321  5.51772
3331  6.69535
3341  5.40963
3351  6.1342
3361  8.28006
3371  2.41012
3381  4.52219
3391  5.1298
3401  9.17726
3411  3.33288
3421  7.15377
3431  5.79469
3441  7.53256
3451  5.45134
3461  6.24561
3471  3.20173
3481  4.37327
3491  3.26386
3501  3.94702
3511  4.19378
3521  6.7355
3531  6.71956
3541  6.51281
3551  6.26605
3561  4.63988
3571  8.49949
3581  5.26801
3591  4.52976
3601  4.58993
3611  8.01344
3621  6.26017
3631  5.13077
3641  4.84465
3651  4.08516
3661  5.7125
3671  3.18661
3681  3.53782
3691  4.56714
3701  5.14702
3711  5.3843
3721  4.40076
3731  6.38596
3741  3.73815
3751  3.40697
3761  4.74082
3771  6.56669
3781  2.91861
3791  3.77933
3801  4.59617
3811  2.41685
3821  5.94029
3831  3.56897
3841  2.63138
3851  2.79281
3861  5.17251
3871  3.07003
3881  3.39366
3891  3.9538
3901  5.36788
3911  5.86459
3921  7.66064
3931  7.29544
3941  3.7458
3951  5.85691
3961  4.95429
3971  4.98184
3981  8.10918
3991  3.89987
4001  5.50895
4011  4.75264
4021  4.71272
4031  6.10038
4041  2.17733
4051  4.63553
4061  4.35955
4071  6.78403
4081  3.86319
4091  3.31603
4101  3.32364
4111  5.23566
4121  2.58799
4131  4.91392
4141  5.54801
4151  2.73885
4161  4.13922
4171  8.18704
4181  4.13015
4191  7.50129
4201  3.98438
4211  5.77688
4221  5.18862
4231  4.97263
4241  5.41742
4251  3.61519
4261  3.51425
4271  5.6165
4281  3.47801
4291  4.72171
4301  6.4319
4311  4.85793
4321  5.89946
4331  4.21637
4341  5.10822
4351  3.76149
4361  4.49489
4371  4.93807
4381  5.92993
4391  3.53845
4401  5.312
4411  5.35022
4421  8.09802
4431  5.27693
4441  6.32695
4451  6.22933
4461  5.64544
4471  1.8233
4481  2.76925
4491  4.62552
4501  3.78763
4511  3.86307
4521  7.46486
4531  4.65995
4541  6.02925
4551  3.03068
4561  1.26963
4571  4.77031
4581  5.77368
4591  2.80441
4601  3.80645
4611  4.99459
4621  3.32075
4631  3.13409
4641  6.20796
4651  2.97304
4661  4.99039
4671  3.79441
4681  4.48127
4691  7.53297
4701  6.88327
4711  6.33006
4721  4.08095
4731  3.14398
4741  6.40808
4751  3.24897
4761  4.38659
4771  2.37214
4781  5.21874
4791  3.13441
4801  5.51296
4811  2.99424
4821  2.4893
4831  6.13042
4841  2.98596
4851  6.63488
4861  7.33761
4871  2.72886
4881  3.2102
4891  7.33315
4901  3.73957
4911  4.94615
4921  4.73287
4931  5.4034
4941  2.68588
4951  3.91826
4961  3.90444
4971  2.8442
4981  6.32141
4991  8.04656
5001  4.32838
5011  4.29823
5021  3.79862
5031  2.01084
5041  4.69057
5051  3.19704
5061  3.31479
5071  6.84321
5081  8.01117
5091  7.40827
5101  3.77116
5111  4.12433
5121  7.77752
5131  5.66829
5141  5.10278
5151  7.81278
5161  1.62895
5171  2.58325
5181  4.97302
5191  5.63283
5201  4.03732
5211  4.27234
5221  2.19069
5231  7.13802
5241  4.75764
5251  8.16294
5261  5.35533
5271  2.53459
5281  1.13016
5291  4.88731
5301  2.49567
5311  4.7153
5321  4.10917
5331  4.20374
5341  3.32928
5351  3.69002
5361  1.66024
5371  2.77243
5381  9.7241
5391  6.13552
5401  3.05799
5411  3.67151
5421  5.65307
5431  5.16266
5441  2.8322
5451  5.60011
5461  3.9994
5471  7.38747
5481  5.12171
5491  3.96985
5501  2.08452
5511  4.94754
5521  3.33294
5531  8.11875
5541  4.57334
5551  4.3631
5561  6.25395
5571  5.57113
5581  4.65577
5591  5.29452
5601  2.53842
5611  4.94102
5621  3.1283
5631  10.1788
5641  4.16124
5651  5.18035
5661  2.61872
5671  4.86307
5681  6.8695
5691  2.99153
5701  5.46761
5711  2.14529
5721  4.37025
5731  2.3872
5741  2.5015
5751  4.32984
5761  6.32696
5771  8.01431
5781  4.11617
5791  9.86448
5801  5.58627
5811  7.71064
5821  4.48785
5831  7.89813
5841  7.0578
5851  10.4201
5861  3.19438
5871  2.13917
5881  6.1336
5891  1.48318
5901  4.35517
5911  1.38604
5921  4.33843
5931  2.1673
5941  4.00449
5951  5.07972
5961  6.54663
5971  7.01948
5981  7.01328
5991  1.79504
6001  3.47685
6011  5.60752
6021  6.04677
6031  3.09896
6041  8.64285
6051  2.58351
6061  6.5476
6071  3.62149
6081  10.4547
6091  2.9278
6101  3.55975
6111  5.38562
6121  1.72664
6131  2.23871
6141  1.9098
6151  3.3248
6161  3.98806
6171  1.40583
6181  3.4855
6191  6.8829
6201  5.01168
6211  6.6147
6221  3.08981
6231  2.91612
6241  7.15275
6251  3.94394
6261  6.55433
6271  2.88741
6281  3.50424
6291  2.95861
6301  2.97432
6311  6.10128
6321  2.40451
6331  2.13451
6341  2.42574
6351  6.36085
6361  4.60061
6371  2.76685
6381  5.09072
6391  3.55812
6401  6.75639
6411  5.24501
6421  0.771765
6431  6.11105
6441  3.09575
6451  4.49759
6461  5.72396
6471  3.07775
6481  5.12967
6491  3.38163
6501  4.15117
6511  3.80363
6521  3.56722
6531  4.99796
6541  11.7982
6551  3.1489
6561  6.66162
6571  3.81871
6581  5.36639
6591  5.71322
6601  5.68657
6611  1.91003
6621  5.12025
6631  7.87777
6641  6.7118
6651  1.61105
6661  8.76077
6671  8.60684
6681  4.13587
6691  11.118
6701  4.44902
6711  2.09702
6721  6.56093
6731  3.96
6741  3.39497
6751  4.8793
6761  4.32418
6771  6.62158
6781  6.0075
6791  3.97781
6801  2.44124
6811  3.03574
6821  3.23268
6831  5.3182
6841  7.04681
6851  4.3996
6861  3.5323
6871  4.48482
6881  2.72547
6891  2.80151
6901  4.32579
6911  2.29199
6921  2.41778
6931  7.07597
6941  2.54932
6951  3.95891
6961  5.08234
6971  4.55085
6981  5.39456
6991  4.01806
7001  3.58041
7011  3.88597
7021  2.48819
7031  5.06343
7041  3.35057
7051  7.46384
7061  11.1489
7071  2.22525
7081  5.13184
7091  7.63532
7101  6.63744
7111  6.39545
7121  2.0969
7131  3.4807
7141  8.76106
7151  3.32725
7161  3.95203
7171  2.54959
7181  3.8423
7191  4.69687
7201  4.06714
7211  2.03848
7221  5.60241
7231  4.95587
7241  4.5721
7251  1.29438
7261  3.92331
7271  6.18026
7281  1.54595
7291  7.45475
7301  6.36451
7311  8.32407
7321  6.02168
7331  4.5502
7341  4.70743
7351  3.78972
7361  5.01356
7371  3.0122
7381  3.4923
7391  3.6339
7401  4.42715
7411  2.62048
7421  3.0598
7431  2.34929
7441  3.80213
7451  5.32746
7461  5.60574
7471  2.83231
7481  5.72847
7491  6.56895
7501  4.36652
7511  2.8844
7521  2.69803
7531  3.13842
7541  1.87942
7551  6.36821
7561  10.9685
7571  4.76289
7581  3.03526
7591  12.7384
7601  2.1256
7611  4.28908
7621  8.90987
7631  4.15223
7641  3.39056
7651  4.09193
7661  7.57687
7671  6.88392
7681  2.12918
7691  1.61986
7701  7.64997
7711  3.97244
7721  4.56883
7731  4.4183
7741  4.78115
7751  4.27609
7761  4.59056
7771  3.14356
7781  2.60461
7791  3.88967
7801  7.82788
7811  5.45587
7821  5.37099
7831  6.09733
7841  5.9132
7851  4.17262
7861  2.40619
7871  5.93786
7881  5.08882
7891  4.32834
7901  6.55583
7911  6.12599
7921  2.86958
7931  5.89242
7941  6.13349
7951  1.77089
7961  7.63222
7971  4.04985
7981  2.45119
7991  4.93309
8001  2.11343
8011  1.99994
8021  3.85488
8031  5.64274
8041  6.96555
8051  3.72896
8061  7.22355
8071  2.14845
8081  2.39359
8091  2.35341
8101  1.77623
8111  5.61886
8121  3.48054
8131  4.13177
8141  3.87183
8151  5.39647
8161  6.02634
8171  7.3867
8181  4.2521
8191  5.87796
8201  4.64832
8211  4.64417
8221  7.79181
8231  4.41774
8241  6.70041
8251  1.70028
8261  7.32542
8271  4.67151
8281  2.7636
8291  5.26679
8301  4.15549
8311  6.17359
8321  9.53833
8331  4.63941
8341  1.82773
8351  6.32012
8361  2.75533
8371  2.60917
8381  6.06058
8391  3.59088
8401  5.83148
8411  3.83815
8421  9.32519
8431  2.45684
8441  5.60899
8451  2.46972
8461  3.42873
8471  6.62261
8481  3.74499
8491  5.10454
8501  4.39729
8511  6.15411
8521  5.86163
8531  1.01341
8541  7.92065
8551  6.95617
8561  2.99888
8571  7.88143
8581  6.24324
8591  7.81007
8601  7.55944
8611  4.32319
8621  3.5908
8631  2.93217
8641  5.86139
8651  2.30159
8661  6.49175
8671  4.60519
8681  4.12382
8691  4.99884
8701  4.47831
8711  4.58931
8721  2.52324
8731  5.49689
8741  6.24477
8751  3.33245
8761  6.05026
8771  7.39332
8781  3.24889
8791  2.73171
8801  7.53413
8811  4.62144
8821  1.23571
8831  8.43578
8841  7.02283
8851  1.25323
8861  4.59485
8871  4.942
8881  4.16136
8891  11.4073
8901  6.8221
8911  3.01695
8921  4.43368
8931  3.77027
8941  2.66325
8951  6.35823
8961  5.01415
8971  7.02294
8981  6.74639
8991  4.26692
9001  4.3595
9011  8.40141
9021  3.47487
9031  4.74765
9041  8.1582
9051  9.7456
9061  4.38056
9071  5.4487
9081  4.46319
9091  2.41006
9101  5.40964
9111  5.07372
9121  4.93742
9131  2.5624
9141  5.69578
9151  6.11076
9161  1.69063
9171  6.56745
9181  4.59916
9191  6.2999
9201  4.13663
9211  5.31307
9221  3.91124
9231  4.12824
9241  5.52717
9251  3.49695
9261  4.00184
9271  6.19807
9281  2.88437
9291  5.349
9301  2.31413
9311  3.6528
9321  8.92397
9331  6.17008
9341  4.19285
9351  3.84048
9361  5.60954
9371  2.74942
9381  4.34553
9391  3.62291
9401  1.22551
9411  2.53163
9421  3.9654
9431  5.71443
9441  1.57502
9451  4.79583
9461  2.52604
9471  6.10814
9481  6.8578
9491  3.28486
9501  3.40417
9511  4.02762
9521  3.89071
9531  1.8493
9541  3.78383
9551  1.31689
9561  1.78983
9571  3.40146
9581  3.32344
9591  4.64647
9601  1.63596
9611  3.06351
9621  3.09162
9631  5.78043
9641  5.55573
9651  6.23262
9661  6.71543
9671  6.82101
9681  6.29466
9691  5.00021
9701  6.8902
9711  4.61692
9721  3.4359
9731  2.71075
9741  10.586
9751  5.12457
9761  1.77712
9771  5.05171
9781  2.42233
9791  5.07732
9801  1.41787
9811  4.8166
9821  4.97906
9831  4.2474
9841  5.39994
9851  1.33779
9861  6.72766
9871  7.13781
9881  6.01656
9891  7.20053
9901  7.73855
9911  4.92445
9921  6.98605
9931  4.38214
9941  4.76711
9951  1.31212
9961  5.10675
9971  3.11792
9981  6.6369
9991  3.42504
10001  3.42595
10011  6.57268
10021  7.10352
10031  3.79547
10041  5.02789
10051  3.11252
10061  4.35057
10071  6.76992
10081  2.64125
10091  5.59154
10101  2.32485
10111  4.36397
10121  2.77653
10131  2.57478
10141  6.27859
10151  2.69925
10161  2.79108
10171  4.38563
10181  2.31893
10191  2.19736
10201  2.12876
10211  5.33084
10221  6.77801
10231  5.36012
10241  2.66495
10251  5.78462
10261  4.56557
10271  2.08857
10281  3.61503
10291  4.89377
10301  4.9392
10311  5.04971
10321  7.26704
10331  8.60266
10341  6.05751
10351  3.55111
10361  6.46084
10371  4.16786
10381  6.89119
10391  7.03827
10401  4.47794
10411  1.65179
10421  4.75342
10431  4.80738
10441  3.39733
10451  2.2929
10461  1.92393
10471  5.77214
10481  6.18732
10491  5.07086
10501  3.91344
10511  5.2208
10521  4.46943
10531  3.85967
10541  1.27752
10551  4.69458
10561  6.93789
10571  5.2554
10581  3.67513
10591  5.78328
10601  2.57782
10611  10.6282
10621  4.49236
10631  3.24145
10641  3.76541
10651  5.00988
10661  4.86255
10671  4.74362
10681  5.0756
10691  2.7321
10701  6.47701
10711  1.72889
10721  4.16716
10731  2.40174
10741  3.75857
10751  7.03456
10761  3.09859
10771  4.80519
10781  3.61342
10791  4.54488
10801  4.58226
10811  4.16801
10821  4.82294
10831  2.82363
10841  3.68459
10851  2.95984
10861  5.08989
10871  5.16237
10881  10.7992
10891  8.83183
10901  2.85681
10911  3.38641
10921  3.09849
10931  6.3674
10941  1.99382
10951  7.38971
10961  5.01863
10971  3.99023
10981  5.58087
10991  6.9539
