1001  36.1563
1011  39.2141
1021  33.4376
1031  42.4412
1041  36.6058
1051  28.484
1061  43.4807
1071  38.7186
1081  29.9314
1091  25.7389
1101  50.056
1111  39.1993
1121  19.1973
1131  30.4969
1141  15.5413
1151  32.5324
1161  48.8894
1171  46.4449
1181  20.5506
1191  36.5644
1201  28.6873
1211  20.3324
1221  17.6631
1231  38.8046
1241  28.9796
1251  42.3858
1261  19.7584
1271  30.5673
1281  15.085
1291  34.2963
1301  40.6254
1311  10.8165
1321  50.9691
1331  38.9968
1341  29.8093
1351  28.2015
1361  26.2217
1371  36.91
1381  47.2025
1391  28.7896
1401  11.5429
1411  9.37691
1421  39.0222
1431  24.9136
1441  39.443
1451  13.2592
1461  40.2934
1471  23.2174
1481  24.0861
1491  21.2795
1501  26.3553
1511  48.9699
1521  27.6329
1531  34.3429
1541  35.5458
1551  47.8447
1561  40.8831
1571  14.9446
1581  32.3625
1591  30.4916
1601  33.3258
1611  39.3971
1621  42.1119
1631  27.428
1641  23.8708
1651  27.4543
1661  44.8958
1671  28.6024
1681  42.2063
1691  40.2965
1701  14.4562
1711  29.6046
1721  41.6795
1731  15.154
1741  17.9027
1751  37.7017
1761  22.4519
1771  21.1567
1781  22.3844
1791  31.1298
1801  38.7105
1811  32.7297
1821  11.9836
1831  21.5963
1841  31.1658
1851  29.2799
1861  30.9565
1871  41.934
1881  44.4408
1891  23.8499
1901  40.7795
1911  18.7912
1921  16.6416
1931  34.5044
1941  18.3892
1951  31.5137
1961  32.2116
1971  25.2838
1981  30.465
1991  19.255
2001  24.5636
2011  44.8948
2021  19.2693
2031  30.081
2041  20.9404
2051  18.6347
2061  32.1509
2071  40.5992
2081  27.8121
2091  31.4002
2101  22.9459
2111  31.5139
2121  25.6246
2131  24.4874
2141  17.7981
2151  38.4053
2161  23.7358
2171  37.1695
2181  15.7868
2191  51.6852
2201  22.9565
2211  31.0277
2221  25.2003
2231  33.4903
2241  31.6246
2251  22.1422
2261  11.4174
2271  39.7042
2281  37.1733
2291  37.9022
2301  33.7274
2311  31.9903
2321  39.2434
2331  30.7689
2341  35.038
2351  32.6338
2361  26.083
2371  39.2647
2381  36.7579
2391  46.5306
2401  40.4567
2411  18.8004
2421  21.3106
2431  38.553
2441  32.6113
2451  39.0543
2461  21.2903
2471  28.5463
2481  15.7479
2491  34.2902
2501  36.9265
2511  28.1065
2521  50.3325
2531  22.526
2541  25.9452
2551  44.3153
2561  21.6753
2571  38.7742
2581  30.7821
2591  22.786
2601  17.3538
2611  40.7892
2621  33.8599
2631  5.47004
2641  33.5059
2651  35.8288
2661  26.6875
2671  42.2288
2681  31.6604
2691  17.9199
2701  37.7323
2711  42.1936
2721  28.5151
2731  17.5169
2741  31.8461
2751  48.7472
2761  29.1782
2771  28.7774
2781  28.5968
2791  6.10389
2801  48.3813
2811  20.4852
2821  24.1719
2831  17.6309
2841  25.9407
2851  36.7543
2861  29.0166
2871  24.9321
2881  49.1659
2891  25.589
2901  20.9552
2911  27.8851
2921  27.5341
2931  39.6001
2941  36.7558
2951  19.9388
2961  24.883
2971  29.5322
2981  31.2549
2991  41.3987
3001  37.3693
3011  36.2897
3021  29.1181
3031  29.1078
3041  14.8976
3051  32.2998
3061  37.4927
3071  14.9752
3081  24.2636
3091  13.9021
3101  36.9092
3111  31.5531
3121  29.7206
3131  28.5372
3141  29.6583
3151  16.3731
3161  26.4197
3171  49.1167
3181  29.2316
3191  10.2254
3201  26.7377
3211  25.4465
3221  20.9436
3231  29.7454
3241  38.6966
3251  28.8147
3261  11.25
3271  22.3811
3281  34.8811
3291  15.4688
3301  32.9905
3311  26.1632
3321  42.0649
3331  14.4599
3341  29.0725
3351  28.2964
3361  42.1532
3371  44.4237
3381  27.2788
3391  34.0331
3401  28.4157
3411  30.8448
3421  13.5788
3431  39.8337
3441  33.8491
3451  18.206
3461  22.6442
3471  26.5667
3481  21.7416
3491  28.9489
3501  31.2208
3511  9.68707
3521  26.5556
3531  35.4121
3541  37.0194
3551  41.246
3561  34.1103
3571  38.0941
3581  34.0152
3591  26.0489
3601  32.3552
3611  30.7892
3621  26.2488
3631  30.8431
3641  44.7802
3651  25.3495
3661  27.0792
3671  23.1263
3681  21.5455
3691  46.6368
3701  17.6514
3711  28.915
3721  34.6816
3731  25.6226
3741  22.5715
3751  29.2435
3761  33.9923
3771  33.4605
3781  18.3912
3791  37.6265
3801  38.2863
3811  32.5085
3821  26.8412
3831  26.0689
3841  54.7244
3851  31.2241
3861  34.0133
3871  20.7154
3881  26.7911
3891  39.2089
3901  25.0134
3911  31.852
3921  28.5704
3931  25.4412
3941  42.7889
3951  34.4103
3961  20.4197
3971  37.2751
3981  46.1994
3991  11.4883
4001  18.1389
4011  24.8913
4021  27.9014
4031  44.0721
4041  15.9907
4051  16.0802
4061  18.9276
4071  26.4329
4081  22.3109
4091  22.3728
4101  24.0058
4111  30.5059
4121  16.0918
4131  15.254
4141  29.7806
4151  40.113
4161  23.9752
4171  44.2871
4181  21.6225
4191  25.4874
4201  35.9254
4211  34.9585
4221  29.7312
4231  42.7801
4241  29.0427
4251  33.1375
4261  16.7193
4271  25.8151
4281  27.2754
4291  54.5042
4301  25.5195
4311  22.5964
4321  27.5844
4331  35.0891
4341  30.6226
4351  35.0516
4361  38.6059
4371  15.528
4381  33.3824
4391  22.4008
4401  28.7714
4411  29.6629
4421  44.992
4431  27.6608
4441  43.3435
4451  28.0421
4461  27.5407
4471  27.4468
4481  27.5494
4491  22.1575
4501  28.7027
4511  27.5556
4521  36.0511
4531  24.3972
4541  37.2383
4551  16.9087
4561  31.2947
4571  37.0632
4581  27.2236
4591  30.8538
4601  22.5411
4611  36.1767
4621  33.2051
4631  40.8301
4641  30.8776
4651  34.7602
4661  33.9413
4671  25.6607
4681  31.3408
4691  8.96869
4701  32.7632
4711  13.2155
4721  11.75
4731  36.1745
4741  29.5265
4751  31.1789
4761  34.3727
4771  23.2351
4781  21.7788
4791  29.3548
4801  20.1601
4811  31.7866
4821  23.3601
4831  41.7129
4841  30.4494
4851  38.7773
4861  24.2734
4871  31.5238
4881  37.6898
4891  20.9717
4901  13.4428
4911  49.4827
4921  34.52
4931  17.9645
4941  28.6202
4951  33.5983
4961  27.3915
4971  21.8881
4981  44.6656
4991  39.4601
5001  19.0005
5011  31.1856
5021  49.1417
5031  28.8336
5041  32.8255
5051  39.4654
5061  30.4925
5071  26.5272
5081  15.1958
5091  35.5365
5101  22.991
5111  20.6664
5121  33.8633
5131  22.2192
5141  37.2651
5151  41.9068
5161  24.8789
5171  32.1384
5181  14.4915
5191  16.8361
5201  45.0502
5211  30.0413
5221  31.8688
5231  40.3158
5241  28.9568
5251  28.6995
5261  1.46773
5271  37.2402
5281  37.2905
5291  21.4065
5301  24.1388
5311  38.2511
5321  30.7391
5331  23.7733
5341  38.7821
5351  50.0915
5361  31.4902
5371  25.8149
5381  36.5455
5391  28.2719
5401  29.5537
5411  29.1467
5421  32.267
5431  13.3239
5441  20.1067
5451  33.9957
5461  17.6097
5471  21.6972
5481  30.1824
5491  21.4477
5501  35.3903
5511  42.0053
5521  32.9307
5531  26.5092
5541  32.4965
5551  39.0343
5561  14.3393
5571  16.2545
5581  44.9223
5591  45.6224
5601  30.8021
5611  46.097
5621  1.01638
5631  25.3094
5641  39.9649
5651  18.4308
5661  35.8928
5671  30.5178
5681  40.2611
5691  15.2853
5701  45.7957
5711  31.5562
5721  43.2434
5731  30.3225
5741  36.747
5751  39.8865
5761  49.6883
5771  40.279
5781  36.3087
5791  15.1022
5801  33.5563
5811  28.4222
5821  32.7599
5831  30.2062
5841  27.0954
5851  25.1523
5861  30.2321
5871  35.3176
5881  49.2938
5891  38.9845
5901  28.9944
5911  28.9998
5921  33.3216
5931  43.1865
5941  26.9277
5951  35.4127
5961  30.6314
5971  37.6189
5981  25.0751
5991  32.7415
6001  23.5175
6011  52.8961
6021  25.9922
6031  13.2732
6041  25.9615
6051  36.5709
6061  26.8878
6071  31.6821
6081  30.8782
6091  49.1714
6101  32.786
6111  22.2162
6121  43.8437
6131  31.9855
6141  31.2135
6151  32.9297
6161  29.3051
6171  30.1279
6181  19.3701
6191  44.4332
6201  37.8867
6211  40.2963
6221  34.0424
6231  23.7848
6241  37.3685
6251  25.7593
6261  32.4869
6271  17.4239
6281  25.237
6291  44.8612
6301  26.3326
6311  45.3089
6321  29.7236
6331  26.1916
6341  34.4128
6351  12.7356
6361  25.2993
6371  11.5803
6381  24.581
6391  31.4581
6401  37.6478
6411  28.2023
6421  28.6243
6431  27.9683
6441  25.0794
6451  56.8583
6461  41.1866
6471  34.5505
6481  44.6265
6491  30.2457
6501  19.1043
6511  25.3532
6521  12.1847
6531  26.6582
6541  36.8994
6551  37.1771
6561  40.2889
6571  30.2571
6581  36.0147
6591  44.3984
6601  25.0621
6611  15.0612
6621  27.5121
6631  23.0055
6641  29.6522
6651  33.2217
6661  30.6907
6671  37.6511
6681  26.9126
6691  35.1305
6701  35.5274
6711  25.0993
6721  30.5751
6731  21.992
6741  24.4987
6751  10.9995
6761  36.4487
6771  17.3962
6781  17.9956
6791  24.6469
6801  22.9084
6811  9.0376
6821  33.9009
6831  29.4658
6841  3.71988
6851  34.9301
6861  19.5965
6871  36.6402
6881  35.7665
6891  36.4352
6901  32.6607
6911  27.997
6921  36.8223
6931  33.708
6941  25.0682
6951  36.4316
6961  41.1285
6971  19.6448
6981  29.3633
6991  42.85
7001  35.5536
7011  43.8968
7021  20.0845
7031  33.8975
7041  36.1328
7051  4.01361
7061  34.5172
7071  31.7658
7081  24.8434
7091  27.8307
7101  27.7763
7111  32.3388
7121  33.1978
7131  21.3588
7141  29.6897
7151  26.5562
7161  14.0713
7171  28.0366
7181  39.9601
7191  33.9725
7201  36.7244
7211  10.3818
7221  10.8064
7231  30.8378
7241  29.435
7251  31.7453
7261  27.2743
7271  30.9993
7281  25.7006
7291  35.7416
7301  25.3604
7311  38.0246
7321  22.9969
7331  37.4683
7341  40.9037
7351  34.2765
7361  28.8253
7371  36.9893
7381  46.4979
7391  16.2279
7401  36.5414
7411  36.2072
7421  47.8914
7431  23.0552
7441  27.1293
7451  13.3392
7461  34.945
7471  33.0531
7481  45.2681
7491  48.5834
7501  46.2347
7511  16.7236
7521  29.5767
7531  18.5735
7541  33.7019
7551  12.1697
7561  29.6331
7571  20.7786
7581  39.0806
7591  28.4219
7601  35.0285
7611  38.596
7621  24.6081
7631  24.8044
7641  22.599
7651  32.5804
7661  25.0228
7671  47.3683
7681  24.659
7691  18.7228
7701  55.1433
7711  21.9869
7721  21.486
7731  35.577
7741  24.1161
7751  14.1204
7761  34.0959
7771  30.196
7781  20.5808
7791  22.5452
7801  22.7458
7811  24.8033
7821  20.534
7831  26.2992
7841  24.0841
7851  28.9242
7861  37.2592
7871  28.0389
7881  27.285
7891  19.2823
7901  20.8881
7911  39.2482
7921  9.55418
7931  27.3176
7941  21.0299
7951  19.2693
7961  25.6463
7971  29.8107
7981  40.4937
7991  27.7479
8001  27.6416
8011  37.6738
8021  19.8544
8031  16.6002
8041  36.5261
8051  7.80077
8061  19.0634
8071  24.2473
8081  26.743
8091  45.9793
8101  37.0462
8111  18.046
8121  19.1354
8131  34.5872
8141  26.6277
8151  40.9184
8161  42.2736
8171  47.1583
8181  33.5085
8191  59.0046
8201  27.9046
8211  24.7953
8221  24.466
8231  34.2463
8241  37.9615
8251  32.8758
8261  36.1237
8271  4.56898
8281  31.0845
8291  37.677
8301  43.8817
8311  45.2092
8321  35.8741
8331  29.7593
8341  24.9881
8351  27.9785
8361  24.3502
8371  22.7024
8381  20.8985
8391  50.9681
8401  21.9846
8411  31.7148
8421  35.2638
8431  14.9425
8441  33.538
8451  26.5975
8461  22.804
8471  54.5187
8481  40.2552
8491  46.341
8501  35.8148
8511  23.2378
8521  32.1546
8531  42.1713
8541  48.7984
8551  31.1598
8561  42.756
8571  14.1979
8581  36.0699
8591  25.838
8601  40.0852
8611  30.3372
8621  20.5511
8631  40.0726
8641  20.1583
8651  15.35
8661  21.9182
8671  23.6432
8681  31.7162
8691  35.2692
8701  33.7204
8711  30.3546
8721  33.6239
8731  57.3656
8741  43.5189
8751  10.9607
8761  35.0793
8771  14.7508
8781  34.6044
8791  27.901
8801  14.3713
8811  43.0916
8821  42.9423
8831  21.7375
8841  10.1279
8851  35.5344
8861  25.1271
8871  41.7287
8881  33.2233
8891  37.4245
8901  17.0072
8911  36.6276
8921  22.4308
8931  22.9173
8941  43.0474
8951  24.3741
8961  34.016
8971  33.2359
8981  14.4582
8991  27.8052
9001  18.788
9011  35.6285
9021  35.5095
9031  19.2998
9041  19.467
9051  36.1002
9061  20.2192
9071  16.7956
9081  29.5398
9091  43.3282
9101  25.5692
9111  25.8861
9121  28.6589
9131  30.8035
9141  24.0204
9151  21.538
9161  34.7557
9171  36.9941
9181  21.0125
9191  30.5729
9201  33.6149
9211  26.7975
9221  34.4495
9231  39.438
9241  26.2435
9251  33.3068
9261  28.4027
9271  34.3235
9281  30.6084
9291  43.7797
9301  27.8047
9311  23.4172
9321  37.1933
9331  23.9836
9341  33.895
9351  27.3409
9361  38.6486
9371  10.7576
9381  19.695
9391  8.30256
9401  31.7208
9411  34.5681
9421  34.1991
9431  26.432
9441  25.1558
9451  35.5543
9461  30.8132
9471  24.0352
9481  22.3397
9491  47.0157
9501  22.5823
9511  23.487
9521  41.5219
9531  26.5151
9541  13.9193
9551  52.2472
9561  40.8895
9571  33.3203
9581  34.4659
9591  46.143
9601  27.985
9611  19.0916
9621  26.8842
9631  31.9137
9641  29.6439
9651  19.8987
9661  28.9682
9671  33.8219
9681  17.4726
9691  27.5427
9701  33.6131
9711  33.4858
9721  24.6991
9731  41.8796
9741  50.34
9751  27.8989
9761  20.11
9771  22.7471
9781  50.7986
9791  27.6328
9801  20.281
9811  13.4324
9821  33.8833
9831  52.9174
9841  28.7123
9851  23.151
9861  25.312
9871  41.1225
9881  38.6127
9891  24.8966
9901  22.0837
9911  23.2934
9921  23.3968
9931  28.879
9941  14.4576
9951  33.3043
9961  31.9772
9971  25.1876
9981  22.5142
9991  28.2766
10001  29.1516
10011  25.6286
10021  26.2773
10031  46.8069
10041  29.1014
10051  32.9066
10061  37.8707
10071  41.5338
10081  32.802
10091  26.9955
10101  17.0795
10111  28.8477
10121  27.1053
10131  30.7354
10141  38.9831
10151  12.8045
10161  46.392
10171  18.7845
10181  28.3254
10191  40.3874
10201  18.8176
10211  29.5138
10221  13.1469
10231  25.819
10241  16.7644
10251  28.8887
10261  27.6922
10271  29.3067
10281  36.7965
10291  21.8689
10301  31.7823
10311  36.5307
10321  35.6104
10331  42.7194
10341  13.3716
10351  20.9638
10361  32.177
10371  26.4133
10381  36.5285
10391  4.91528
10401  35.2938
10411  31.8466
10421  32.4924
10431  24.6591
10441  33.209
10451  37.6276
10461  18.2378
10471  37.5306
10481  21.1169
10491  37.2332
10501  11.3634
10511  40.5161
10521  20.9802
10531  33.7435
10541  24.1723
10551  23.1075
10561  16.3886
10571  23.9096
10581  18.8146
10591  33.3662
10601  21.9121
10611  23.0491
10621  27.6699
10631  29.6426
10641  44.8944
10651  39.2008
10661  40.6666
10671  26.7783
10681  33.1588
10691  33.2574
10701  23.7664
10711  12.4959
10721  32.5449
10731  28.4435
10741  40.1911
10751  28.0799
10761  25.0196
10771  34.8766
10781  35.3666
10791  13.2965
10801  39.9523
10811  31.3485
10821  31.2777
10831  21.7834
10841  24.6197
10851  40.5631
10861  21.4818
10871  28.4575
10881  27.7888
10891  37.3716
10901  36.2943
10911  34.2047
10921  20.7613
10931  30.1793
10941  39.6605
10951  35.0934
10961  25.0611
10971  26.025
10981  24.5662
10991  45.9384
1001  29.254
1011  31.2121
1021  29.8371
1031  25.562
1041  23.9754
1051  32.0602
1061  26.1331
1071  25.0035
1081  32.1938
1091  35.7901
1101  22.8714
1111  30.3822
1121  29.8739
1131  33.5561
1141  32.79
1151  29.8435
1161  25.4376
1171  22.8914
1181  34.3562
1191  31.2219
1201  44.8533
1211  36.966
1221  37.2678
1231  28.8732
1241  35.4341
1251  28.9033
1261  33.0342
1271  31.3568
1281  41.4992
1291  34.848
1301  26.9509
1311  33.5195
1321  20.4041
1331  40.0032
1341  31.7572
1351  27.8968
1361  30.6935
1371  39.1176
1381  25.3928
1391  25.4574
1401  41.3345
1411  34.5305
1421  21.5617
1431  31.4658
1441  30.4559
1451  29.1152
1461  26.8045
1471  35.7665
1481  36.5686
1491  34.8891
1501  34.3746
1511  25.0207
1521  36.7653
1531  24.6144
1541  20.6755
1551  26.1945
1561  32.1274
1571  36.5157
1581  33.5171
1591  35.4548
1601  37.067
1611  28.2233
1621  27.6797
1631  31.449
1641  27.0507
1651  32.5629
1661  33.3441
1671  27.4293
1681  34.4934
1691  22.6637
1701  35.0224
1711  29.6486
1721  23.1868
1731  37.4883
1741  47.3711
1751  20.1177
1761  31.4779
1771  31.9077
1781  34.3443
1791  29.1297
1801  25.6481
1811  20.4266
1821  38.31
1831  24.0109
1841  34.8268
1851  30.0748
1861  23.3321
1871  38.4012
1881  25.5949
1891  31.2094
1901  24.2857
1911  42.4614
1921  30.979
1931  23.4558
1941  37.5588
1951  25.0228
1961  21.6849
1971  30.9594
1981  27.7488
1991  31.8103
2001  46.1679
2011  29.0237
2021  39.5588
2031  36.9138
2041  29.5043
2051  37.2478
2061  27.7457
2071  28.4575
2081  31.1257
2091  27.2599
2101  27.2335
2111  29.3321
2121  29.8954
2131  26.6126
2141  28.7393
2151  25.1648
2161  31.3599
2171  28.3933
2181  33.3008
2191  24.5308
2201  33.1638
2211  30.3585
2221  26.0525
2231  30.5743
2241  26.3286
2251  27.4102
2261  39.5409
2271  27.6889
2281  26.3546
2291  28.3223
2301  29.0055
2311  31.2637
2321  31.6277
2331  29.1638
2341  34.6619
2351  34.571
2361  35.1139
2371  33.6094
2381  27.2279
2391  21.7182
2401  26.816
2411  26.1649
2421  40.3275
2431  28.4052
2441  29.2405
2451  26.9429
2461  31.2938
2471  30.6023
2481  34.8222
2491  26.1737
2501  30.5072
2511  23.2977
2521  26.0167
2531  39.5286
2541  32.7617
2551  25.6027
2561  27.6612
2571  29.3032
2581  27.9565
2591  34.4865
2601  31.0553
2611  28.985
2621  34.5656
2631  36.159
2641  35.9778
2651  23.7013
2661  30.3814
2671  30.5347
2681  28.8016
2691  32.2163
2701  32.9104
2711  29.82
2721  29.5197
2731  33.3052
2741  27.7346
2751  23.3824
2761  27.8919
2771  24.8654
2781  29.4444
2791  39.3038
2801  20.2587
2811  22.8161
2821  32.1427
2831  30.9884
2841  31.942
2851  27.9528
2861  26.6717
2871  22.6154
2881  28.1329
2891  36.6828
2901  29.5232
2911  29.2142
2921  21.9884
2931  24.4025
2941  22.1022
2951  35.5212
2961  38.6561
2971  31.0458
2981  30.7235
2991  23.8844
3001  28.5175
3011  28.319
3021  23.1455
3031  31.3583
3041  40.3756
3051  36.8063
3061  25.8196
3071  34.3554
3081  34.8277
3091  37.0665
3101  30.5605
3111  35.3224
3121  35.1009
3131  29.4332
3141  28.4399
3151  30.9435
3161  39.9944
3171  24.4514
3181  35.0049
3191  29.9342
3201  27.9822
3211  25.5676
3221  29.986
3231  34.19
3241  32.7326
3251  34.4749
3261  44.4127
3271  31.4755
3281  30.7197
3291  41.4424
3301  38.615
3311  32.3244
3321  27.8111
3331  41.8217
3341  37.1251
3351  31.2789
3361  25.9789
3371  28.8364
3381  26.1984
3391  28.0154
3401  32.0464
3411  29.3005
3421  39.272
3431  25.6786
3441  19.6315
3451  38.566
3461  30.9675
3471  26.4953
3481  43.7276
3491  25.977
3501  33.9055
3511  31.2366
3521  28.4059
3531  25.9441
3541  30.8656
3551  25.4384
3561  28.6885
3571  26.647
3581  36.5566
3591  38.5248
3601  31.4359
3611  35.9487
3621  35.6957
3631  28.3984
3641  24.2322
3651  26.323
3661  27.7636
3671  33.4713
3681  36.946
3691  22.1688
3701  33.851
3711  28.5774
3721  34.5965
3731  36.5947
3741  30.2064
3751  35.1326
3761  33.4865
3771  26.2593
3781  40.1679
3791  27.8984
3801  24.8223
3811  31.4453
3821  23.4885
3831  23.2041
3841  34.4621
3851  42.0571
3861  28.9552
3871  32.2084
3881  38.0651
3891  32.0689
3901  40.8815
3911  28.0405
3921  35.0642
3931  37.5416
3941  23.8999
3951  29.1673
3961  29.1964
3971  32.3768
3981  26.7562
3991  38.2002
4001  32.0625
4011  31.119
4021  30.1298
4031  33.1798
4041  35.3653
4051  31.97
4061  32.747
4071  25.4611
4081  28.929
4091  29.5268
4101  43.6051
4111  30.9926
4121  32.7508
4131  42.5369
4141  28.3656
4151  31.6171
4161  37.1101
4171  23.8801
4181  28.9389
4191  39.6906
4201  26.0726
4211  29.9308
4221  32.8931
4231  20.4744
4241  33.0149
4251  24.6926
4261  30.9708
4271  30.1844
4281  32.5421
4291  28.6834
4301  32.3386
4311  28.7603
4321  32.4792
4331  22.7652
4341  34.0866
4351  32.7609
4361  29.1201
4371  47.3357
4381  29.8821
4391  26.1449
4401  36.6329
4411  28.3502
4421  21.9228
4431  30.1173
4441  29.5888
4451  32.3634
4461  28.7827
4471  30.2724
4481  37.5919
4491  36.8312
4501  38.8357
4511  33.6404
4521  31.4074
4531  29.8674
4541  16.9618
4551  38.9497
4561  26.406
4571  22.4655
4581  33.435
4591  29.0795
4601  30.7827
4611  25.2328
4621  30.4004
4631  31.8978
4641  38.0043
4651  31.3622
4661  29.2234
4671  31.8022
4681  31.8332
4691  40.2875
4701  36.819
4711  36.1144
4721  37.337
4731  24.0723
4741  28.255
4751  33.4581
4761  31.2472
4771  39.986
4781  36.5937
4791  27.6136
4801  33.1373
4811  23.2233
4821  30.2786
4831  39.6425
4841  32.0408
4851  31.785
4861  29.0316
4871  29.0761
4881  37.4909
4891  29.3881
4901  33.6878
4911  30.0719
4921  33.6226
4931  42.5594
4941  34.3366
4951  38.9666
4961  29.4555
4971  32.4105
4981  32.6462
4991  24.1906
5001  43.5773
5011  27.786
5021  30.4563
5031  34.9001
5041  28.6868
5051  24.0299
5061  22.5724
5071  29.5361
5081  33.5409
5091  26.9893
5101  32.2603
5111  41.5065
5121  23.6952
5131  31.752
5141  29.4296
5151  26.2554
5161  26.4684
5171  29.972
5181  39.2245
5191  36.6885
5201  26.9048
5211  27.218
5221  19.5589
5231  29.2503
5241  26.1246
5251  24.0566
5261  45.2636
5271  26.8669
5281  27.0747
5291  33.8338
5301  31.3744
5311  23.4507
5321  25.5698
5331  29.4287
5341  25.7554
5351  20.9303
5361  34.793
5371  28.1929
5381  24.5508
5391  26.7051
5401  25.9074
5411  29.4588
5421  24.1526
5431  34.8522
5441  33.8498
5451  40.4141
5461  36.0422
5471  29.5372
5481  30.931
5491  40.3012
5501  30.8696
5511  26.6347
5521  18.9379
5531  35.6082
5541  28.8376
5551  26.5417
5561  34.5026
5571  37.7924
5581  29.4854
5591  24.8431
5601  27.9688
5611  20.1298
5621  49.0779
5631  36.0319
5641  24.021
5651  31.8022
5661  32.5406
5671  26.3135
5681  26.4741
5691  26.9724
5701  27.7269
5711  32.8641
5721  28.0304
5731  29.8874
5741  26.6616
5751  29.202
5761  30.564
5771  28.3618
5781  30.5878
5791  36.2209
5801  30.7704
5811  30.8357
5821  32.6891
5831  32.0631
5841  33.2696
5851  27.7076
5861  33.8456
5871  24.8201
5881  25.3723
5891  31.2509
5901  29.1128
5911  24.5117
5921  34.7743
5931  21.5544
5941  39.7448
5951  25.3043
5961  27.6702
5971  20.6497
5981  31.8663
5991  24.6283
6001  32.3605
6011  32.3485
6021  32.5626
6031  42.7134
6041  36.4847
6051  36.7957
6061  36.5824
6071  35.1587
6081  36.0577
6091  19.5269
6101  31.1641
6111  38.146
6121  23.3471
6131  30.6193
6141  29.0128
6151  26.44
6161  50.9686
6171  31.4802
6181  41.8565
6191  22.6782
6201  27.0613
6211  31.8152
6221  21.563
6231  34.743
6241  28.0915
6251  31.2826
6261  31.138
6271  45.3305
6281  30.4075
6291  26.8458
6301  28.5946
6311  21.7332
6321  36.784
6331  34.5742
6341  41.6259
6351  28.8193
6361  37.4457
6371  31.5694
6381  31.1058
6391  32.6632
6401  21.0419
6411  23.191
6421  30.3251
6431  26.7099
6441  37.8799
6451  26.3418
6461  18.8815
6471  26.8056
6481  21.6686
6491  34.9671
6501  43.2285
6511  34.8952
6521  44.4001
6531  34.0669
6541  25.2305
6551  30.2212
6561  24.2757
6571  30.0048
6581  22.3433
6591  29.9428
6601  21.7624
6611  33.8557
6621  27.6509
6631  32.8162
6641  26.6792
6651  25.8128
6661  23.0415
6671  26.489
6681  29.0654
6691  23.9105
6701  28.5188
6711  23.7433
6721  26.1851
6731  34.5874
6741  30.8463
6751  38.2815
6761  32.7974
6771  35.7877
6781  31.8665
6791  26.7105
6801  38.2331
6811  32.2214
6821  27.842
6831  31.6255
6841  40.1891
6851  26.4766
6861  35.0554
6871  20.9289
6881  28.1203
6891  23.8903
6901  26.5906
6911  28.2717
6921  25.5455
6931  23.8897
6941  23.347
6951  27.5762
6961  30.4355
6971  33.5102
6981  25.6385
6991  20.398
7001  23.9643
7011  31.4019
7021  35.3345
7031  26.3916
7041  30.8768
7051  41.9785
7061  30.4956
7071  31.0909
7081  25.4097
7091  23.841
7101  25.838
7111  23.8072
7121  31.1778
7131  37.1076
7141  38.3895
7151  29.0528
7161  42.8123
7171  35.3736
7181  31.7266
7191  24.7908
7201  31.5418
7211  43.9379
7221  35.2565
7231  34.7473
7241  30.2762
7251  31.7289
7261  34.8067
7271  26.051
7281  33.4955
7291  27.3065
7301  28.4532
7311  32.3072
7321  36.7803
7331  23.0259
7341  27.1777
7351  30.1341
7361  33.3001
7371  26.086
7381  26.5828
7391  43.9889
7401  26.7117
7411  23.703
7421  30.2385
7431  31.846
7441  32.4273
7451  38.5522
7461  27.9843
7471  26.7368
7481  32.1055
7491  24.6324
7501  26.5133
7511  30.7695
7521  31.3958
7531  29.1228
7541  32.7483
7551  39.2773
7561  30.3703
7571  27.956
7581  29.0681
7591  35.0867
7601  24.3329
7611  24.675
7621  29.9104
7631  37.0439
7641  36.5997
7651  28.3142
7661  33.0762
7671  22.443
7681  32.5049
7691  34.1587
7701  21.8555
7711  37.3678
7721  33.9122
7731  30.0563
7741  41.0645
7751  37.662
7761  31.8158
7771  26.232
7781  25.2144
7791  33.9868
7801  37.7486
7811  30.6575
7821  32.9712
7831  33.2052
7841  41.7016
7851  38.6795
7861  31.6489
7871  31.518
7881  39.5638
7891  36.127
7901  27.0565
7911  23.0302
7921  35.765
7931  29.1095
7941  31.9938
7951  27.5481
7961  35.5429
7971  27.6444
7981  20.3833
7991  27.2853
8001  29.7378
8011  21.3881
8021  35.8269
8031  34.6632
8041  26.3149
8051  42.2641
8061  42.5026
8071  30.933
8081  36.1013
8091  26.0895
8101  27.1861
8111  34.0418
8121  46.032
8131  25.9819
8141  34.1728
8151  27.4662
8161  23.9386
8171  29.6744
8181  25.5205
8191  22.7908
8201  29.5192
8211  34.0233
8221  28.2879
8231  28.6273
8241  29.1933
8251  27.1428
8261  30.3723
8271  37.7915
8281  39.9337
8291  29.0909
8301  28.1309
8311  31.5575
8321  35.7612
8331  29.9173
8341  26.7995
8351  27.72
8361  31.72
8371  33.5806
8381  43.3417
8391  20.4395
8401  42.3383
8411  26.2056
8421  29.0935
8431  43.0893
8441  32.7323
8451  32.8712
8461  30.2685
8471  21.4903
8481  25.5581
8491  27.1659
8501  33.3913
8511  33.3753
8521  25.0214
8531  29.3705
8541  24.1616
8551  34.0969
8561  26.575
8571  38.7342
8581  28.3597
8591  28.6744
8601  25.9566
8611  34.3937
8621  37.5543
8631  21.457
8641  32.5338
8651  34.1612
8661  29.9873
8671  31.3492
8681  29.0799
8691  26.3712
8701  32.7108
8711  35.2555
8721  35.859
8731  28.0534
8741  22.1986
8751  44.7151
8761  27.1985
8771  34.2269
8781  27.3424
8791  28.1589
8801  36.5027
8811  37.2768
8821  26.4123
8831  27.7057
8841  35.822
8851  28.9259
8861  29.3451
8871  28.2883
8881  22.2864
8891  36.02
8901  31.707
8911  30.3592
8921  32.4466
8931  36.2662
8941  23.2202
8951  38.6405
8961  33.6518
8971  28.3033
8981  27.1749
8991  30.6706
9001  39.3726
9011  27.0502
9021  34.5995
9031  33.1283
9041  46.1441
9051  28.6935
9061  30.412
9071  32.1635
9081  26.8773
9091  21.7782
9101  22.5598
9111  27.4928
9121  21.8416
9131  31.9485
9141  30.7103
9151  24.5622
9161  29.5993
9171  41.1808
9181  35.2814
9191  29.5711
9201  25.6459
9211  37.9652
9221  38.5205
9231  26.8054
9241  31.7353
9251  26.4275
9261  26.2014
9271  26.0222
9281  30.2205
9291  30.6117
9301  30.5036
9311  28.1777
9321  32.8342
9331  37.9563
9341  31.7672
9351  34.3605
9361  27.2221
9371  39.5897
9381  29.6621
9391  49.3162
9401  25.4528
9411  28.0375
9421  31.6001
9431  21.9669
9441  36.4546
9451  20.3967
9461  30.2969
9471  34.382
9481  36.1032
9491  26.7117
9501  32.6248
9511  37.1082
9521  23.4994
9531  35.6089
9541  34.2672
9551  21.7886
9561  25.8964
9571  29.7672
9581  40.5492
9591  23.8047
9601  23.1208
9611  30.883
9621  31.3148
9631  29.656
9641  27.8866
9651  34.4476
9661  29.4111
9671  27.571
9681  45.1266
9691  30.8756
9701  33.6472
9711  26.2031
9721  30.2534
9731  27.9134
9741  28.1055
9751  25.6084
9761  42.5116
9771  32.249
9781  21.485
9791  30.0787
9801  32.9891
9811  40.0144
9821  25.5538
9831  31.8474
9841  30.0721
9851  31.3643
9861  26.5955
9871  32.8337
9881  36.7175
9891  43.2973
9901  31.4307
9911  35.9997
9921  38.9977
9931  30.718
9941  40.064
9951  29.7396
9961  25.6848
9971  31.2928
9981  31.7205
9991  41.0735
10001  29.516
10011  27.7961
10021  34.8147
10031  22.8136
10041  28.2342
10051  31.7493
10061  28.6312
10071  29.839
10081  30.0459
10091  30.6103
10101  32.7712
10111  30.8327
10121  25.2829
10131  24.8909
10141  20.3817
10151  25.9014
10161  24.5505
10171  37.5762
10181  34.4599
10191  25.3819
10201  33.8876
10211  36.2867
10221  44.6092
10231  33.6778
10241  30.6833
10251  36.4118
10261  37.6984
10271  24.4008
10281  27.4312
10291  31.216
10301  30.0794
10311  24.512
10321  30.4416
10331  25.3791
10341  36.164
10351  39.4182
10361  28.7445
10371  28.4943
10381  43.44
10391  43.2985
10401  26.0985
10411  31.407
10421  33.7688
10431  26.2723
10441  30.5457
10451  31.6836
10461  32.5739
10471  37.8818
10481  44.1267
10491  33.6914
10501  37.0186
10511  22.126
10521  34.338
10531  26.8753
10541  33.4966
10551  33.1252
10561  31.6208
10571  32.2077
10581  35.9663
10591  25.7392
10601  30.6159
10611  40.4153
10621  42.8977
10631  31.9858
10641  34.1012
10651  30.0593
10661  25.7777
10671  24.7355
10681  30.6237
10691  30.1838
10701  35.7051
10711  37.4843
10721  22.8716
10731  40.3869
10741  35.1796
10751  29.2134
10761  32.7434
10771  29.7994
10781  29.5565
10791  39.3573
10801  26.9235
10811  25.4163
10821  39.9514
10831  33.6238
10841  39.2327
10851  27.0368
10861  27.2613
10871  34.2691
10881  39.5451
10891  26.8918
10901  19.7201
10911  24.2541
10921  28.5704
10931  32.8166
10941  26.7935
10951  25.9266
10961  38.36
10971  32.3045
10981  36.0024
10991  19.2861
