1001  13.8561
1011  17.462
1021  33.2396
1031  47.9418
1041  32.0047
1051  35.2702
1061  33.8647
1071  38.4432
1081  26.482
1091  35.4496
1101  21.7066
1111  24.538
1121  34.0494
1131  29.2898
1141  42.0691
1151  16.8062
1161  28.6302
1171  28.7314
1181  17.614
1191  31.5529
1201  31.2925
1211  30.7997
1221  32.8704
1231  28.4533
1241  35.4013
1251  30.7026
1261  42.2454
1271  38.707
1281  16.1855
1291  34.1354
1301  21.9232
1311  27.2881
1321  27.5834
1331  49.8727
1341  22.2118
1351  26.051
1361  47.4601
1371  50.4158
1381  32.1248
1391  25.5199
1401  24.4243
1411  31.0185
1421  35.7641
1431  41.7928
1441  13.0882
1451  35.5547
1461  32.8949
1471  22.5426
1481  29.3546
1491  11.7991
1501  32.3456
1511  26.5242
1521  41.5702
1531  20.1952
1541  32.7946
1551  28.9754
1561  41.9893
1571  26.2976
1581  9.13606
1591  44.8425
1601  34.3403
1611  18.9465
1621  23.5434
1631  33.531
1641  36.0388
1651  33.8972
1661  29.627
1671  27.2346
1681  38.8127
1691  23.7459
1701  36.1187
1711  26.0079
1721  31.7704
1731  29.3342
1741  17.9735
1751  6.58514
1761  23.1756
1771  29.9062
1781  21.3032
1791  39.2093
1801  29.6632
1811  46.7553
1821  19.4366
1831  23.8689
1841  26.3605
1851  40.6006
1861  30.7208
1871  27.687
1881  35.5437
1891  25.9101
1901  8.02152
1911  22.4407
1921  29.7491
1931  15.5083
1941  23.8929
1951  34.8507
1961  35.126
1971  42.3755
1981  32.7008
1991  30.7053
2001  31.4176
2011  21.1543
2021  32.3131
2031  31.3261
2041  32.5514
2051  19.7183
2061  51.456
2071  23.3184
2081  13.215
2091  29.2487
2101  15.4264
2111  8.11782
2121  20.3417
2131  26.8317
2141  37.4338
2151  31.2729
2161  25.9738
2171  44.6473
2181  33.003
2191  30.5102
2201  23.2047
2211  29.3696
2221  29.4173
2231  24.1338
2241  38.1922
2251  31.3617
2261  24.6142
2271  18.8221
2281  36.5514
2291  41.5998
2301  12.0321
2311  25.6901
2321  37.0064
2331  26.5577
2341  15.5946
2351  14.1151
2361  32.9336
2371  13.1179
2381  26.1974
2391  19.7862
2401  27.0843
2411  23.2206
2421  31.1281
2431  27.3512
2441  27.9536
2451  34.6761
2461  36.136
2471  30.3533
2481  17.0552
2491  32.3446
2501  25.4549
2511  23.3386
2521  40.736
2531  35.541
2541  29.5906
2551  23.3937
2561  20.7804
2571  30.444
2581  25.7617
2591  35.4025
2601  10.5555
2611  37.114
2621  31.355
2631  33.8417
2641  49.9883
2651  25.6545
2661  20.787
2671  24.9277
2681  26.6113
2691  27.9148
2701  22.5494
2711  22.8651
2721  42.6906
2731  32.2556
2741  23.2372
2751  39.0557
2761  38.0047
2771  23.3274
2781  29.4586
2791  37.7053
2801  44.2197
2811  40.0902
2821  28.5223
2831  37.9222
2841  22.998
2851  15.759
2861  29.7563
2871  29.175
2881  17.9007
2891  29.5175
2901  30.5151
2911  39.0631
2921  21.1306
2931  28.696
2941  24.3251
2951  38.1589
2961  34.4781
2971  34.0392
2981  32.8478
2991  30.5862
3001  32.8272
3011  20.3188
3021  21.2251
3031  37.3841
3041  44.3188
3051  25.9562
3061  28.8317
3071  23.997
3081  36.473
3091  21.5151
3101  26.7271
3111  23.8755
3121  37.2351
3131  25.5497
3141  37.8662
3151  46.5143
3161  36.2737
3171  34.7773
3181  49.4977
3191  35.8987
3201  30.2494
3211  12.0522
3221  32.196
3231  27.5986
3241  45.603
3251  24.4215
3261  26.373
3271  32.612
3281  36.7156
3291  43.5415
3301  44.2897
3311  21.2498
3321  40.5426
3331  23.0358
3341  22.6694
3351  32.3602
3361  40.0268
3371  28.7068
3381  36.3933
3391  30.393
3401  27.2058
3411  12.6433
3421  41.8542
3431  28.7213
3441  23.3283
3451  27.0877
3461  24.3827
3471  35.9455
3481  29.8241
3491  27.4475
3501  15.0784
3511  37.917
3521  27.9675
3531  21.8703
3541  20.1826
3551  39.6949
3561  33.6322
3571  43.6462
3581  21.871
3591  23.1134
3601  24.1627
3611  31.6113
3621  46.8131
3631  26.4766
3641  34.7651
3651  39.8048
3661  26.6669
3671  36.1128
3681  21.5417
3691  28.0574
3701  35.0195
3711  38.1411
3721  40.6757
3731  57.76
3741  35.2974
3751  28.5476
3761  30.8054
3771  44.4276
3781  14.2821
3791  34.5899
3801  23.7057
3811  26.5341
3821  29.4993
3831  33.1185
3841  22.6468
3851  25.0556
3861  34.947
3871  24.4487
3881  21.4263
3891  20.9367
3901  30.129
3911  9.97605
3921  36.6699
3931  29.022
3941  26.3601
3951  20.6266
3961  33.169
3971  31.2675
3981  18.5504
3991  44.6707
4001  30.1716
4011  45.6051
4021  17.6001
4031  22.5472
4041  30.3142
4051  23.3016
4061  26.5377
4071  20.8556
4081  16.9925
4091  48.0703
4101  56.7244
4111  32.8155
4121  23.608
4131  47.7814
4141  39.9135
4151  45.8637
4161  12.5478
4171  37.5794
4181  28.1343
4191  24.2807
4201  29.2966
4211  31.7621
4221  34.3332
4231  41.0824
4241  25.8775
4251  25.5481
4261  22.3733
4271  44.5465
4281  23.3272
4291  22.5754
4301  32.224
4311  27.0012
4321  22.333
4331  32.9751
4341  28.9944
4351  20.146
4361  40.0566
4371  30.0109
4381  17.801
4391  25.3128
4401  28.8254
4411  22.3889
4421  36.291
4431  25.6218
4441  37.2101
4451  20.8763
4461  33.7905
4471  35.994
4481  36.5622
4491  36.5221
4501  35.2017
4511  21.8846
4521  40.7836
4531  44.0563
4541  26.282
4551  31.7776
4561  20.3644
4571  46.6053
4581  17.8423
4591  32.5636
4601  33.1695
4611  30.502
4621  43.015
4631  18.5572
4641  14.3579
4651  16.3015
4661  13.2233
4671  28.1965
4681  34.1296
4691  40.2489
4701  19.4714
4711  24.7158
4721  34.5782
4731  32.569
4741  45.0748
4751  26.1263
4761  30.3474
4771  33.7852
4781  32.3426
4791  26.505
4801  36.5199
4811  28.2641
4821  18.7017
4831  27.1061
4841  25.9554
4851  37.9652
4861  20.3957
4871  36.3143
4881  46.5796
4891  26.6711
4901  24.831
4911  29.4635
4921  26.6187
4931  30.4577
4941  27.4214
4951  41.0446
4961  30.8821
4971  33.202
4981  32.4347
4991  31.865
5001  42.4745
5011  19.0041
5021  37.7841
5031  19.2722
5041  36.5847
5051  38.1642
5061  30.2425
5071  21.5165
5081  33.0968
5091  40.6658
5101  32.872
5111  14.8766
5121  27.9842
5131  31.2295
5141  36.7278
5151  39.0559
5161  12.4699
5171  35.8465
5181  21.7019
5191  32.294
5201  43.3885
5211  12.671
5221  27.0613
5231  17.3195
5241  29.9305
5251  23.6886
5261  26.4239
5271  40.7626
5281  27.6456
5291  40.203
5301  32.6826
5311  30.9573
5321  20.9698
5331  36.0424
5341  19.1361
5351  28.095
5361  38.1671
5371  44.3492
5381  23.686
5391  32.4573
5401  31.3781
5411  29.4817
5421  22.3595
5431  29.012
5441  20.6788
5451  25.2904
5461  39.4306
5471  31.8531
5481  23.8179
5491  48.1278
5501  37.1951
5511  26.6065
5521  19.543
5531  25.0917
5541  33.4055
5551  40.2942
5561  40.5872
5571  37.2309
5581  25.5671
5591  33.1009
5601  26.7412
5611  36.8071
5621  23.8637
5631  23.3927
5641  37.4235
5651  23.8857
5661  33.6158
5671  22.3634
5681  40.0805
5691  12.6577
5701  34.6838
5711  34.0637
5721  22.2603
5731  34.6805
5741  35.8848
5751  27.0977
5761  30.9612
5771  28.9758
5781  36.5663
5791  33.2638
5801  38.8912
5811  44.2616
5821  30.4658
5831  24.3332
5841  44.8384
5851  30.7178
5861  15.1266
5871  29.1664
5881  38.95
5891  25.6125
5901  58.5049
5911  22.0901
5921  29.2436
5931  27.1157
5941  33.8957
5951  26.4982
5961  35.9064
5971  27.8697
5981  42.0858
5991  43.3805
6001  35.0753
6011  28.0902
6021  43.1143
6031  30.6318
6041  24.6418
6051  27.4401
6061  26.2199
6071  11.313
6081  32.807
6091  29.9197
6101  34.149
6111  18.0375
6121  31.5067
6131  30.3437
6141  35.9754
6151  33.767
6161  36.0703
6171  14.2793
6181  35.3687
6191  26.3262
6201  18.455
6211  31.0936
6221  38.1214
6231  23.277
6241  24.4348
6251  27.9594
6261  21.6754
6271  29.2679
6281  39.9548
6291  46.9671
6301  38.9824
6311  29.4706
6321  38.7896
6331  47.3111
6341  38.8236
6351  31.3881
6361  28.4193
6371  49.2515
6381  24.6247
6391  21.1849
6401  19.7573
6411  22.6157
6421  35.8312
6431  14.4988
6441  39.9067
6451  24.9588
6461  27.2116
6471  30.3612
6481  33.6639
6491  25.4547
6501  24.1279
6511  26.5449
6521  39.6515
6531  25.2554
6541  37.4131
6551  15.2195
6561  36.3701
6571  19.2391
6581  37.7735
6591  23.458
6601  52.1278
6611  28.939
6621  25.5263
6631  38.7672
6641  27.7745
6651  36.2837
6661  17.1295
6671  26.3859
6681  40.9236
6691  45.8634
6701  32.7884
6711  18.0194
6721  21.6695
6731  42.3089
6741  33.1181
6751  15.113
6761  15.5031
6771  42.3909
6781  27.0132
6791  23.9838
6801  27.9422
6811  12.4739
6821  33.6418
6831  27.4475
6841  38.4413
6851  41.9331
6861  20.3529
6871  32.6421
6881  22.3933
6891  49.0759
6901  13.9769
6911  37.2025
6921  41.0656
6931  44.5546
6941  30.0384
6951  22.6701
6961  20.5901
6971  46.7017
6981  39.1899
6991  42.521
7001  54.3682
7011  35.9888
7021  44.4132
7031  11.9476
7041  21.1094
7051  36.7555
7061  23.9842
7071  34.8404
7081  12.6997
7091  35.5499
7101  22.1229
7111  41.1796
7121  32.9943
7131  25.5298
7141  16.7994
7151  19.6753
7161  33.8759
7171  20.1334
7181  19.0316
7191  37.0689
7201  24.4464
7211  21.9096
7221  26.5564
7231  50.3897
7241  20.9812
7251  28.5017
7261  27.829
7271  10.0975
7281  30.4234
7291  42.3684
7301  29.2437
7311  31.9931
7321  31.9761
7331  22.7906
7341  17.6539
7351  31.9052
7361  27.8519
7371  39.345
7381  31.8829
7391  25.3228
7401  26.8558
7411  27.1228
7421  33.6053
7431  23.4291
7441  39.4102
7451  26.7812
7461  23.8376
7471  37.704
7481  31.1366
7491  38.2217
7501  34.825
7511  21.4756
7521  33.5158
7531  29.9041
7541  33.5524
7551  21.6996
7561  25.9823
7571  33.0389
7581  43.8574
7591  22.9796
7601  29.0957
7611  15.2304
7621  40.6251
7631  20.8538
7641  26.3283
7651  23.3686
7661  49.423
7671  31.7133
7681  39.7158
7691  26.5538
7701  21.7741
7711  41.472
7721  25.0701
7731  20.3061
7741  32.3604
7751  22.3452
7761  26.3911
7771  19.1246
7781  17.0357
7791  18.848
7801  36.8059
7811  37.6491
7821  41.1066
7831  27.5988
7841  33.089
7851  43.8464
7861  23.0125
7871  33.717
7881  35.5783
7891  27.2398
7901  27.8915
7911  25.1282
7921  40.1639
7931  17.3079
7941  28.0649
7951  16.3804
7961  15.9771
7971  37.0017
7981  23.7999
7991  42.3565
8001  52.3363
8011  32.5922
8021  14.8343
8031  26.6348
8041  39.501
8051  29.6577
8061  25.8059
8071  26.4617
8081  17.7339
8091  27.3172
8101  20.6906
8111  30.9576
8121  35.4896
8131  40.6658
8141  19.3658
8151  29.9056
8161  22.9582
8171  34.2876
8181  32.9459
8191  29.1954
8201  10.2662
8211  25.1153
8221  31.1509
8231  56.2056
8241  30.4007
8251  44.5931
8261  54.4286
8271  49.4152
8281  22.4841
8291  36.5018
8301  32.1566
8311  36.3333
8321  36.3801
8331  31.7407
8341  14.9856
8351  25.7692
8361  19.5188
8371  26.4316
8381  20.3804
8391  23.6268
8401  29.0315
8411  32.4545
8421  24.5749
8431  23.1813
8441  12.3742
8451  29.6904
8461  25.4284
8471  20.2865
8481  34.77
8491  40.2062
8501  15.43
8511  16.5562
8521  20.9072
8531  31.3945
8541  19.0501
8551  35.6721
8561  23.929
8571  28.9149
8581  31.5145
8591  31.2384
8601  30.8378
8611  25.8449
8621  33.4435
8631  23.3451
8641  23.5407
8651  9.78984
8661  24.5266
8671  41.2255
8681  47.7659
8691  27.6849
8701  36.8285
8711  31.7735
8721  21.1996
8731  14.6038
8741  48.3419
8751  28.3751
8761  37.4951
8771  32.2457
8781  31.5206
8791  32.9978
8801  20.9438
8811  22.662
8821  32.6303
8831  11.8235
8841  20.343
8851  20.2891
8861  16.7837
8871  21.9591
8881  24.2108
8891  34.0458
8901  18.9794
8911  21.7605
8921  37.5579
8931  36.399
8941  33.7066
8951  34.2455
8961  41.35
8971  10.7482
8981  48.9472
8991  34.3354
9001  35.4852
9011  27.9941
9021  25.4054
9031  22.3164
9041  38.7795
9051  21.7238
9061  24.8626
9071  30.7513
9081  28.8974
9091  23.0076
9101  27.3491
9111  22.9636
9121  39.1662
9131  19.4163
9141  20.1012
9151  15.3523
9161  24.3273
9171  39.8537
9181  24.8646
9191  35.5939
9201  30.136
9211  32.2483
9221  50.5681
9231  51.3222
9241  10.6009
9251  20.3016
9261  28.6124
9271  34.3573
9281  25.614
9291  36.7322
9301  19.0625
9311  24.5257
9321  29.685
9331  23.3845
9341  18.0592
9351  18.1441
9361  21.2659
9371  38.5737
9381  16.1209
9391  30.3183
9401  11.2993
9411  35.8712
9421  39.3693
9431  51.9074
9441  31.0006
9451  30.9352
9461  29.5495
9471  29.0705
9481  29.4668
9491  29.5735
9501  45.5904
9511  31.1995
9521  25.0581
9531  37.4664
9541  29.019
9551  30.951
9561  40.181
9571  28.2274
9581  26.661
9591  17.9193
9601  32.3495
9611  37.7907
9621  30.739
9631  21.9983
9641  25.4376
9651  25.5632
9661  33.0891
9671  28.0057
9681  22.7996
9691  19.2574
9701  24.088
9711  12.9214
9721  25.9975
9731  35.8641
9741  6.97569
9751  43.693
9761  44.6253
9771  13.6445
9781  15.8843
9791  36.7525
9801  24.1936
9811  38.8376
9821  33.521
9831  10.4764
9841  28.709
9851  33.7284
9861  25.9539
9871  27.2146
9881  31.7562
9891  35.4031
9901  22.5881
9911  21.7369
9921  25.7736
9931  37.9079
9941  24.5358
9951  16.9466
9961  29.5121
9971  31.5574
9981  23.5612
9991  32.9748
10001  31.7084
10011  20.8529
10021  32.1878
10031  36.5117
10041  35.6834
10051  43.0261
10061  15.9738
10071  33.0865
10081  26.3104
10091  43.4784
10101  38.7127
10111  26.5694
10121  37.7927
10131  30.1159
10141  0.00111601
10151  27.4173
10161  31.5224
10171  26.8737
10181  17.6805
10191  26.1486
10201  48.2329
10211  44.382
10221  26.9414
10231  19.7287
10241  32.9408
10251  19.7543
10261  18.9028
10271  28.1965
10281  30.9717
10291  25.069
10301  34.8947
10311  20.4705
10321  25.1505
10331  17.3286
10341  27.6053
10351  16.0611
10361  28.6722
10371  35.1479
10381  33.8945
10391  42.826
10401  34.4308
10411  30.1651
10421  18.6665
10431  34.2962
10441  45.7887
10451  15.5918
10461  43.9227
10471  25.7046
10481  32.8149
10491  24.33
10501  22.1155
10511  31.5207
10521  36.0309
10531  30.5666
10541  18.5858
10551  8.75103
10561  36.1704
10571  28.9628
10581  20.1746
10591  28.0209
10601  14.9116
10611  13.3709
10621  27.1882
10631  30.3871
10641  28.678
10651  26.0618
10661  35.5404
10671  20.3197
10681  43.7114
10691  43.301
10701  40.098
10711  29.4234
10721  31.9117
10731  20.5799
10741  49.1533
10751  32.872
10761  25.9204
10771  28.0549
10781  21.3185
10791  22.5882
10801  40.4842
10811  28.2238
10821  24.5377
10831  26.3272
10841  27.4718
10851  27.9249
10861  19.4061
10871  9.85663
10881  32.851
10891  26.3104
10901  29.2465
10911  29.7874
10921  28.0042
10931  48.5061
10941  31.9046
10951  35.8359
10961  25.0507
10971  55.8872
10981  21.9533
10991  45.6325
1001  38.9305
1011  34.1225
1021  29.2464
1031  30.5074
1041  25.4252
1051  32.2767
1061  32.4939
1071  22.9289
1081  26.7868
1091  32.8509
1101  27.8495
1111  36.5248
1121  30.2206
1131  29.9682
1141  21.4387
1151  36.9699
1161  27.8488
1171  29.921
1181  33.1809
1191  30.341
1201  28.774
1211  31.2508
1221  40.827
1231  24.244
1241  36.7485
1251  27.6945
1261  23.315
1271  22.0604
1281  35.9522
1291  24.072
1301  32.7075
1311  33.3321
1321  35.1397
1331  28.4515
1341  39.9819
1351  35.4669
1361  24.9532
1371  21.7044
1381  33.6886
1391  34.2366
1401  30.5225
1411  26.2904
1421  22.7286
1431  28.7971
1441  37.7213
1451  21.8997
1461  33.0912
1471  32.2853
1481  29.6375
1491  36.9
1501  24.5292
1511  33.1785
1521  19.2216
1531  26.9101
1541  37.5217
1551  26.7975
1561  26.3702
1571  34.7158
1581  45.1541
1591  20.6474
1601  37.3843
1611  37.8203
1621  31.5587
1631  35.7543
1641  31.7893
1651  21.5226
1661  29.5856
1671  35.7997
1681  27.0695
1691  22.7192
1701  32.9518
1711  36.4164
1721  26.3284
1731  38.91
1741  34.9402
1751  40.1264
1761  34.9521
1771  32.771
1781  33.6944
1791  34.5466
1801  29.6635
1811  23.156
1821  35.7383
1831  33.0003
1841  34.1865
1851  29.7381
1861  33.4308
1871  37.849
1881  25.4432
1891  38.5789
1901  40.1486
1911  36.3405
1921  27.0891
1931  38.0623
1941  26.6191
1951  28.6249
1961  27.0884
1971  28.6844
1981  29.6665
1991  31.8885
2001  32.1782
2011  32.2353
2021  28.0711
2031  26.4672
2041  21.8452
2051  37.7533
2061  26.4627
2071  32.6581
2081  39.8359
2091  31.7955
2101  35.7963
2111  32.675
2121  35.1396
2131  27.4148
2141  24.4585
2151  30.8908
2161  34.0128
2171  26.7019
2181  36.3801
2191  27.9954
2201  39.5504
2211  39.1055
2221  27.3855
2231  36.4861
2241  31.5521
2251  30.6948
2261  30.1338
2271  34.6197
2281  25.9158
2291  21.0163
2301  33.8962
2311  22.344
2321  37.4312
2331  29.7993
2341  34.2627
2351  49.0152
2361  25.2025
2371  36.0454
2381  28.8166
2391  29.9166
2401  27.7383
2411  28.1104
2421  30.425
2431  39.8007
2441  28.6482
2451  27.4188
2461  33.4442
2471  35.4769
2481  37.9195
2491  30.5323
2501  27.3052
2511  41.7323
2521  20.7826
2531  28.7734
2541  33.7896
2551  26.9664
2561  37.1961
2571  35.4282
2581  31.1257
2591  24.7979
2601  44.3286
2611  25.8042
2621  25.2166
2631  35.6161
2641  19.4249
2651  30.2671
2661  25.3127
2671  28.4635
2681  34.1208
2691  29.1186
2701  38.3133
2711  45.4295
2721  28.5022
2731  31.0901
2741  33.3528
2751  26.804
2761  32.3106
2771  43.201
2781  30.5379
2791  33.0158
2801  29.2383
2811  26.377
2821  35.7863
2831  26.3281
2841  38.0407
2851  25.0118
2861  33.5445
2871  33.0835
2881  37.0755
2891  17.2454
2901  37.3146
2911  30.1304
2921  33.7318
2931  26.6276
2941  38.6744
2951  22.0289
2961  28.1487
2971  39.1694
2981  20.9215
2991  26.7394
3001  25.495
3011  35.5616
3021  29.8113
3031  33.6573
3041  23.0216
3051  37.3637
3061  34.101
3071  29.3247
3081  33.4862
3091  33.2645
3101  25.3358
3111  29.6845
3121  29.2538
3131  30.871
3141  27.958
3151  22.3146
3161  27.9898
3171  25.5064
3181  20.3315
3191  36.9861
3201  38.2435
3211  36.8116
3221  29.9394
3231  42.2785
3241  37.0441
3251  36.1339
3261  35.154
3271  22.037
3281  30.8279
3291  29.3966
3301  27.8964
3311  34.3638
3321  24.5111
3331  28.3144
3341  30.5876
3351  22.5868
3361  26.6697
3371  35.5367
3381  36.4196
3391  28.0729
3401  30.6717
3411  37.7851
3421  25.8195
3431  29.3082
3441  32.3614
3451  29.0608
3461  30.6575
3471  25.3138
3481  26.1148
3491  29.4377
3501  34.7072
3511  25.803
3521  37.9787
3531  31.8241
3541  40.4861
3551  24.561
3561  29.9259
3571  27.6779
3581  32.4289
3591  22.0977
3601  27.9818
3611  27.5482
3621  20.7263
3631  34.0696
3641  37.6959
3651  26.2303
3661  32.949
3671  29.214
3681  37.5791
3691  29.0638
3701  34.8956
3711  22.9857
3721  35.2522
3731  25.5374
3741  29.2025
3751  23.6557
3761  26.1526
3771  30.4607
3781  35.9402
3791  31.2899
3801  31.9477
3811  23.9554
3821  29.4696
3831  27.0181
3841  33.6951
3851  31.3502
3861  28.0953
3871  34.503
3881  34.7843
3891  37.4524
3901  30.2932
3911  32.4603
3921  29.5202
3931  33.3149
3941  34.1354
3951  33.5495
3961  27.0346
3971  29.1544
3981  27.891
3991  31.1064
4001  27.4725
4011  23.9763
4021  37.5394
4031  27.6021
4041  28.651
4051  36.0066
4061  38.4942
4071  38.1705
4081  34.8659
4091  25.5125
4101  18.2374
4111  29.9155
4121  30.9755
4131  27.0035
4141  28.3348
4151  25.6131
4161  49.543
4171  31.7817
4181  35.9943
4191  36.9012
4201  33.8082
4211  24.6513
4221  30.6251
4231  25.8356
4241  34.0861
4251  34.7924
4261  33.2268
4271  27.9108
4281  33.4159
4291  35.073
4301  35.8523
4311  27.5486
4321  25.7924
4331  25.6366
4341  36.4852
4351  30.2993
4361  20.2855
4371  33.5293
4381  33.8741
4391  35.8895
4401  31.1511
4411  42.1091
4421  28.7019
4431  33.9767
4441  28.4396
4451  38.7365
4461  25.6305
4471  26.5038
4481  28.6147
4491  29.059
4501  33.8802
4511  31.9034
4521  20.1752
4531  20.209
4541  30.6949
4551  26.1329
4561  26.9836
4571  32.091
4581  32.1078
4591  32.8141
4601  28.6192
4611  23.8748
4621  27.3414
4631  39.1136
4641  32.2081
4651  41.9596
4661  29.4169
4671  26.7155
4681  29.1128
4691  22.1679
4701  33.4459
4711  22.333
4721  25.3572
4731  26.9132
4741  34.4905
4751  31.0801
4761  36.365
4771  25.982
4781  31.0538
4791  28.8362
4801  24.2729
4811  34.8646
4821  36.5858
4831  24.8293
4841  29.5092
4851  32.5413
4861  37.3579
4871  30.81
4881  22.7707
4891  29.0355
4901  26.7991
4911  24.506
4921  33.5029
4931  31.2958
4941  32.2657
4951  35.1576
4961  23.7935
4971  32.236
4981  28.882
4991  29.4504
5001  30.326
5011  42.4642
5021  34.6686
5031  33.0681
5041  24.5167
5051  22.021
5061  27.5871
5071  32.4723
5081  28.5478
5091  29.0137
5101  34.7398
5111  38.7365
5121  26.0099
5131  24.6239
5141  23.5236
5151  28.6151
5161  38.952
5171  25.3889
5181  31.2956
5191  24.8686
5201  27.0767
5211  38.0752
5221  35.603
5231  39.8369
5241  34.9389
5251  32.8536
5261  34.9222
5271  33.3227
5281  28.5897
5291  31.3099
5301  36.4282
5311  28.8096
5321  30.1004
5331  27.1038
5341  33.0289
5351  37.4234
5361  24.8141
5371  30.5007
5381  26.3679
5391  30.1732
5401  33.4808
5411  32.5832
5421  27.5164
5431  41.3569
5441  39.2606
5451  37.9284
5461  26.7935
5471  36.9755
5481  27.4833
5491  33.9354
5501  27.8996
5511  28.6156
5521  42.0804
5531  30.5928
5541  23.7321
5551  27.6428
5561  31.562
5571  25.8496
5581  26.5125
5591  30.2428
5601  35.3698
5611  27.5589
5621  33.352
5631  33.446
5641  28.7138
5651  29.6286
5661  38.6685
5671  34.4089
5681  25.7572
5691  39.9738
5701  29.1466
5711  27.0909
5721  31.1022
5731  27.1117
5741  24.318
5751  34.3886
5761  27.641
5771  33.7422
5781  34.2398
5791  26.2694
5801  28.3824
5811  28.2026
5821  32.0712
5831  32.5434
5841  14.5865
5851  29.4348
5861  32.1469
5871  30.9088
5881  28.6983
5891  38.1085
5901  27.1716
5911  35.325
5921  30.4053
5931  28.616
5941  30.4703
5951  35.9032
5961  30.6366
5971  29.5181
5981  28.4429
5991  28.6149
6001  23.5189
6011  29.2549
6021  24.539
6031  29.9055
6041  37.4612
6051  27.5982
6061  31.0741
6071  46.0701
6081  27.0981
6091  32.2835
6101  25.1858
6111  26.1334
6121  24.6938
6131  30.4276
6141  25.7426
6151  21.7986
6161  25.8948
6171  44.5667
6181  17.8772
6191  30.0652
6201  34.1258
6211  31.3572
6221  31.7945
6231  27.3233
6241  35.9392
6251  27.9534
6261  31.9021
6271  23.6271
6281  27.2312
6291  29.3353
6301  21.3967
6311  25.6117
6321  29.6171
6331  21.4496
6341  25.3314
6351  30.5586
6361  35.8137
6371  26.6296
6381  28.9774
6391  39.4209
6401  42.2043
6411  37.0585
6421  24.6955
6431  39.623
6441  30.2393
6451  26.7102
6461  42.3371
6471  34.7021
6481  23.6784
6491  31.1292
6501  29.8966
6511  31.0604
6521  26.4806
6531  34.8674
6541  33.9506
6551  38.2058
6561  34.0502
6571  31.616
6581  35.1032
6591  23.7774
6601  22.5125
6611  31.9719
6621  41.088
6631  28.5198
6641  39.2341
6651  31.5522
6661  40.4357
6671  39.4774
6681  25.4562
6691  27.9835
6701  31.0408
6711  40.8579
6721  36.6237
6731  25.9308
6741  32.1554
6751  37.0127
6761  41.7815
6771  16.4775
6781  38.2503
6791  35.0651
6801  28.9436
6811  37.9852
6821  33.9394
6831  26.7094
6841  21.889
6851  26.1969
6861  30.7626
6871  30.5286
6881  30.9506
6891  31.519
6901  29.6636
6911  30.6086
6921  25.5364
6931  29.1878
6941  33.3753
6951  26.2975
6961  36.7306
6971  29.5116
6981  29.0565
6991  30.1449
7001  30.2275
7011  32.3154
7021  27.4708
7031  35.4416
7041  36.5121
7051  25.962
7061  32.9804
7071  29.9137
7081  35.8236
7091  27.9422
7101  31.3278
7111  22.5561
7121  28.5222
7131  28.5683
7141  35.3491
7151  32.7452
7161  31.9267
7171  40.1005
7181  25.7959
7191  25.4303
7201  24.6177
7211  34.4831
7221  27.6805
7231  25.2888
7241  30.5547
7251  28.2729
7261  33.9979
7271  35.868
7281  22.7907
7291  23.3523
7301  25.5954
7311  31.7835
7321  28.3744
7331  36.8726
7341  33.2842
7351  32.0035
7361  26.411
7371  23.8884
7381  39.1904
7391  32.6981
7401  28.4782
7411  34.1347
7421  29.4412
7431  35.7
7441  26.5207
7451  29.0633
7461  30.798
7471  27.6156
7481  33.6545
7491  31.3263
7501  27.1021
7511  35.5271
7521  33.4047
7531  38.7031
7541  34.3962
7551  41.796
7561  39.8795
7571  31.6388
7581  20.8115
7591  29.5268
7601  25.5699
7611  36.7042
7621  35.9305
7631  34.415
7641  40.1338
7651  34.2233
7661  27.5579
7671  37.3158
7681  20.8515
7691  28.2775
7701  41.7211
7711  22.4451
7721  28.7405
7731  28.8565
7741  28.2135
7751  27.7988
7761  37.9623
7771  33.3613
7781  37.1997
7791  36.0857
7801  31.8075
7811  31.7435
7821  26.6896
7831  35.3502
7841  26.6762
7851  33.103
7861  30.5904
7871  30.1365
7881  32.0632
7891  25.7484
7901  24.2101
7911  34.1973
7921  28.6403
7931  33.9868
7941  31.0174
7951  37.1398
7961  37.2328
7971  28.9232
7981  34.5613
7991  30.2342
8001  23.1989
8011  23.3204
8021  30.8776
8031  26.9161
8041  29.0393
8051  32.3671
8061  27.018
8071  31.1461
8081  36.8548
8091  22.3849
8101  36.9113
8111  28.1945
8121  30.2726
8131  24.2588
8141  38.9788
8151  34.3149
8161  29.3137
8171  27.8592
8181  36.5595
8191  25.2119
8201  42.714
8211  31.5018
8221  33.8202
8231  30.2678
8241  34.7183
8251  28.1375
8261  30.1902
8271  18.7733
8281  29.4442
8291  26.8522
8301  29.7336
8311  27.7831
8321  30.675
8331  25.5778
8341  31.0906
8351  43.6108
8361  38.7736
8371  26.4511
8381  38.7742
8391  31.9231
8401  26.7196
8411  27.3436
8421  26.7181
8431  33.7788
8441  38.2758
8451  31.3758
8461  31.2889
8471  38.2333
8481  24.4379
8491  21.5631
8501  30.3834
8511  34.6108
8521  36.9692
8531  28.5719
8541  40.0161
8551  35.8404
8561  32.4821
8571  36.3202
8581  20.8249
8591  22.78
8601  30.8354
8611  27.4538
8621  25.4796
8631  40.2646
8641  27.4922
8651  40.329
8661  36.5264
8671  28.15
8681  27.6565
8691  28.2149
8701  29.378
8711  31.7504
8721  37.7508
8731  36.9373
8741  22.6521
8751  33.59
8761  32.9198
8771  32.2256
8781  27.7713
8791  20.146
8801  38.7076
8811  26.9113
8821  34.5633
8831  40.6048
8841  38.9815
8851  33.0509
8861  28.1172
8871  24.0822
8881  33.2759
8891  27.8061
8901  30.4437
8911  23.9377
8921  31.9941
8931  24.2807
8941  23.6807
8951  27.3416
8961  26.2007
8971  41.5069
8981  22.3397
8991  33.4057
9001  35.6848
9011  28.9374
9021  28.9974
9031  30.2459
9041  21.3498
9051  30.6513
9061  40.3533
9071  25.9804
9081  34.4564
9091  25.547
9101  32.3451
9111  35.4453
9121  28.9209
9131  33.9056
9141  32.6519
9151  36.8843
9161  35.2836
9171  25.8428
9181  42.3986
9191  30.0017
9201  33.7669
9211  35.6124
9221  20.6107
9231  34.0436
9241  39.4122
9251  36.9011
9261  30.9655
9271  35.3583
9281  33.6978
9291  23.9605
9301  37.5433
9311  30.0539
9321  27.3788
9331  25.0194
9341  30.9439
9351  35.182
9361  39.5165
9371  43.2016
9381  29.5171
9391  30.1196
9401  36.7291
9411  25.1378
9421  29.9552
9431  21.784
9441  26.5579
9451  36.2228
9461  31.5119
9471  24.2054
9481  30.8047
9491  28.2585
9501  29.4862
9511  36.0528
9521  24.7572
9531  24.4534
9541  27.2874
9551  36.1413
9561  25.4163
9571  29.7162
9581  38.2522
9591  38.4236
9601  22.7165
9611  25.9923
9621  27.5289
9631  28.3689
9641  30.9987
9651  30.2066
9661  33.6688
9671  25.4638
9681  32.4865
9691  37.1697
9701  32.3654
9711  38.8404
9721  39.4027
9731  35.4254
9741  38.9095
9751  23.2801
9761  36.2108
9771  29.31
9781  25.7365
9791  32.8899
9801  28.0127
9811  32.6039
9821  31.1514
9831  35.9526
9841  26.5149
9851  24.9291
9861  42.0366
9871  32.0099
9881  26.0909
9891  23.7586
9901  31.5178
9911  31.687
9921  36.8792
9931  29.0932
9941  30.462
9951  34.991
9961  31.2052
9971  34.1913
9981  29.6341
9991  37.0221
10001  25.2765
10011  32.6927
10021  30.1783
10031  35.9263
10041  30.9427
10051  33.3177
10061  43.8713
10071  34.0306
10081  31.7831
10091  25.5488
10101  27.7967
10111  26.7261
10121  26.2064
10131  38.5263
10141  39.1669
10151  22.8755
10161  35.5077
10171  33.3022
10181  32.1161
10191  25.66
10201  20.8795
10211  26.4038
10221  38.8353
10231  36.9325
10241  34.1415
10251  28.4375
10261  36.9048
10271  26.101
10281  38.7354
10291  27.4431
10301  28.7681
10311  34.2636
10321  26.2536
10331  40.0344
10341  33.6317
10351  36.4495
10361  27.9861
10371  24.4684
10381  29.263
10391  16.9432
10401  28.7524
10411  31.4653
10421  39.287
10431  36.2917
10441  23.4669
10451  38.1724
10461  20.3636
10471  35.3446
10481  34.2381
10491  37.5687
10501  38.4164
10511  37.9029
10521  33.0587
10531  19.5799
10541  31.3221
10551  36.844
10561  26.4279
10571  27.0465
10581  31.3759
10591  27.9128
10601  32.2796
10611  39.2233
10621  34.1485
10631  31.613
10641  32.6173
10651  28.7965
10661  31.299
10671  31.8328
10681  28.2616
10691  21.517
10701  26.0828
10711  24.9423
10721  32.2333
10731  30.6534
10741  23.6463
10751  32.2957
10761  24.9983
10771  26.0459
10781  31.064
10791  31.1715
10801  25.3253
10811  30.9851
10821  39.6619
10831  32.9309
10841  31.6282
10851  27.3455
10861  38.9672
10871  30.8422
10881  33.6488
10891  28.4763
10901  30.2565
10911  35.7636
10921  29.1787
10931  20.95
10941  33.2888
10951  31.9234
10961  23.014
10971  27.0042
10981  24.4134
10991  26.943
