1001  33.2505
1011  37.7322
1021  17.1877
1031  25.0948
1041  25.0891
1051  47.0527
1061  41.3601
1071  21.7
1081  40.7221
1091  21.2099
1101  22.8512
1111  21.2153
1121  19.0321
1131  38.9196
1141  22.4303
1151  23.2652
1161  23.7377
1171  33.6715
1181  18.7561
1191  33.0627
1201  20.4153
1211  50.222
1221  39.483
1231  22.187
1241  28.5133
1251  45.8391
1261  32.8383
1271  21.8549
1281  19.4043
1291  27.7945
1301  27.1611
1311  36.0853
1321  35.1991
1331  31.9057
1341  44.5796
1351  27.7422
1361  28.882
1371  30.5276
1381  31.9993
1391  33.551
1401  39.1853
1411  40.8321
1421  23.5785
1431  17.0413
1441  21.514
1451  29.9964
1461  17.789
1471  26.252
1481  39.0784
1491  15.9528
1501  16.3527
1511  18.947
1521  26.1714
1531  35.5053
1541  35.6273
1551  28.4447
1561  13.1936
1571  14.0786
1581  38.5669
1591  32.5498
1601  28.2127
1611  38.8425
1621  33.8954
1631  24.7682
1641  19.9422
1651  38.3547
1661  19.2676
1671  35.4647
1681  34.2413
1691  21.9351
1701  51.8228
1711  40.6163
1721  28.0112
1731  27.2631
1741  28.5162
1751  32.5024
1761  37.7077
1771  23.2024
1781  24.7943
1791  23.8848
1801  31.5863
1811  35.2553
1821  34.6453
1831  25.0838
1841  64.8371
1851  26.806
1861  42.1437
1871  30.9397
1881  21.8626
1891  21.4608
1901  30.9007
1911  23.0601
1921  29.6967
1931  38.2137
1941  29.6163
1951  8.31707
1961  42.531
1971  36.5382
1981  37.8972
1991  29.0229
2001  22.8838
2011  21.5244
2021  25.001
2031  20.5991
2041  27.7604
2051  35.5309
2061  25.2649
2071  33.0892
2081  33.7955
2091  30.286
2101  23.2753
2111  39.5076
2121  34.9645
2131  19.4481
2141  36.1334
2151  43.439
2161  41.1483
2171  44.111
2181  39.3982
2191  23.3178
2201  29.1338
2211  12.268
2221  41.4881
2231  16.4657
2241  35.7285
2251  40.5226
2261  15.1785
2271  28.2205
2281  21.3038
2291  30.344
2301  22.6489
2311  22.6028
2321  18.8366
2331  37.6769
2341  40.6224
2351  25.9603
2361  16.8561
2371  18.3435
2381  10.6278
2391  20.3277
2401  38.4633
2411  27.4805
2421  37.0592
2431  12.3879
2441  32.3001
2451  33.4479
2461  34.2114
2471  16.9605
2481  40.903
2491  20.0139
2501  35.4457
2511  31.0615
2521  26.1538
2531  33.2757
2541  27.3471
2551  45.2485
2561  31.8847
2571  18.063
2581  35.2119
2591  33.8947
2601  16.414
2611  35.9562
2621  41.1444
2631  25.545
2641  24.6364
2651  46.9688
2661  32.1342
2671  20.2794
2681  37.5658
2691  20.1678
2701  23.2698
2711  36.5602
2721  18.4641
2731  16.6093
2741  20.4239
2751  13.0266
2761  29.6454
2771  31.2468
2781  33.9612
2791  13.971
2801  45.1215
2811  37.4635
2821  33.8251
2831  35.6652
2841  22.8068
2851  30.7758
2861  37.0247
2871  35.0456
2881  10.5232
2891  13.9287
2901  30.6361
2911  38.3666
2921  31.8462
2931  43.4955
2941  38.3049
2951  35.4753
2961  25.3043
2971  11.3744
2981  34.454
2991  35.1085
3001  36.1144
3011  28.0822
3021  17.9326
3031  42.4128
3041  25.6764
3051  17.3646
3061  40.9791
3071  39.3638
3081  22.9579
3091  39.0563
3101  33.1853
3111  15.2272
3121  13.305
3131  33.29
3141  47.6548
3151  45.4913
3161  34.3518
3171  29.9759
3181  35.007
3191  33.5562
3201  31.4592
3211  34.3729
3221  35.9763
3231  27.4248
3241  26.1285
3251  38.2479
3261  36.7369
3271  28.4347
3281  26.1734
3291  44.8218
3301  30.7001
3311  21.4605
3321  25.9642
3331  42.2158
3341  35.0419
3351  54.8884
3361  34.2024
3371  23.0427
3381  49.6886
3391  23.0526
3401  57.1313
3411  4.42107
3421  23.77
3431  27.3399
3441  29.3144
3451  33.9578
3461  43.216
3471  36.2942
3481  45.3638
3491  30.8236
3501  35.5234
3511  38.7286
3521  30.3825
3531  34.1214
3541  19.3164
3551  38.2411
3561  25.8098
3571  17.2672
3581  42.8122
3591  33.6786
3601  45.5699
3611  26.1318
3621  35.8183
3631  47.8178
3641  33.3721
3651  15.4671
3661  29.0119
3671  18.4999
3681  27.433
3691  43.4551
3701  23.9843
3711  51.4473
3721  21.429
3731  40.9732
3741  27.1382
3751  40.0955
3761  29.6137
3771  35.399
3781  27.6658
3791  31.5411
3801  22.6746
3811  23.0648
3821  37.7386
3831  23.81
3841  25.918
3851  37.3602
3861  44.5473
3871  23.7092
3881  19.253
3891  32.3075
3901  23.3339
3911  37.9138
3921  42.3436
3931  37.0728
3941  28.2419
3951  19.6523
3961  18.4577
3971  25.8552
3981  18.4679
3991  17.0422
4001  20.7839
4011  22.0836
4021  28.494
4031  23.5361
4041  16.7142
4051  15.5735
4061  34.7267
4071  39.7628
4081  27.0751
4091  23.0075
4101  17.5527
4111  43.2142
4121  32.4321
4131  22.6495
4141  32.2708
4151  37.5107
4161  18.5286
4171  27.5613
4181  4.16229
4191  36.8281
4201  29.6171
4211  33.0009
4221  25.8592
4231  12.9088
4241  21.4752
4251  38.7445
4261  14.2945
4271  24.1681
4281  21.3353
4291  16.0203
4301  36.3807
4311  37.6222
4321  26.9326
4331  26.8407
4341  27.6448
4351  16.596
4361  18.4594
4371  32.5718
4381  33.1409
4391  32.2606
4401  38.3344
4411  29.3716
4421  28.339
4431  39.0666
4441  31.9704
4451  55.0743
4461  38.7623
4471  39.2574
4481  30.5931
4491  37.7506
4501  21.1086
4511  34.1898
4521  14.6685
4531  24.5349
4541  29.0046
4551  31.7702
4561  28.9154
4571  39.0202
4581  35.4374
4591  37.1743
4601  30.2845
4611  8.10538
4621  19.6774
4631  26.8899
4641  21.1718
4651  19.954
4661  35.8729
4671  23.0435
4681  33.8056
4691  10.619
4701  27.0481
4711  27.0101
4721  30.0613
4731  51.7125
4741  25.4297
4751  37.3967
4761  48.4914
4771  36.0043
4781  26.4945
4791  21.2703
4801  32.5718
4811  34.0554
4821  36.6917
4831  44.9533
4841  19.8193
4851  35.2339
4861  20.4548
4871  35.5887
4881  25.0203
4891  39.1298
4901  20.2668
4911  22.973
4921  26.1532
4931  20.2395
4941  22.0459
4951  18.9421
4961  22.7533
4971  57.0446
4981  0.150621
4991  41.9495
5001  29.3769
5011  37.2276
5021  32.3923
5031  34.8531
5041  25.2297
5051  35.999
5061  51.1145
5071  37.1878
5081  42.924
5091  45.2056
5101  21.1834
5111  19.103
5121  30.4506
5131  16.4035
5141  28.6595
5151  47.3111
5161  29.7023
5171  13.8173
5181  19.5259
5191  35.7036
5201  25.39
5211  16.0455
5221  30.8455
5231  32.5883
5241  23.5638
5251  31.5204
5261  41.9444
5271  32.1234
5281  28.1324
5291  44.8348
5301  27.4433
5311  29.508
5321  38.2075
5331  16.1677
5341  16.0259
5351  16.8543
5361  24.0781
5371  30.2715
5381  16.8758
5391  29.9283
5401  28.6497
5411  13.5267
5421  27.8864
5431  36.2505
5441  43.1595
5451  27.4695
5461  30.0382
5471  18.971
5481  34.759
5491  30.4218
5501  33.3695
5511  30.8716
5521  17.7849
5531  11.0537
5541  15.0613
5551  21.7622
5561  38.297
5571  32.637
5581  35.9588
5591  32.6687
5601  33.2301
5611  33.7749
5621  28.1192
5631  24.1606
5641  42.236
5651  20.1473
5661  44.483
5671  29.7149
5681  31.5541
5691  26.4804
5701  41.3289
5711  15.4761
5721  28.4988
5731  31.1043
5741  17.2654
5751  19.5404
5761  36.5374
5771  24.2005
5781  19.2393
5791  31.2526
5801  13.1924
5811  37.4509
5821  22.4382
5831  42.1167
5841  39.085
5851  36.0243
5861  31.1945
5871  41.6901
5881  24.4817
5891  47.9118
5901  22.3489
5911  26.7073
5921  37.6572
5931  34.3776
5941  22.5533
5951  35.3832
5961  33.8929
5971  33.4917
5981  27.3742
5991  18.3266
6001  24.9102
6011  23.0046
6021  22.0153
6031  31.4593
6041  42.7353
6051  52.2781
6061  37.8062
6071  33.9018
6081  27.0096
6091  25.8755
6101  43.9398
6111  36.673
6121  45.3468
6131  39.1065
6141  37.0395
6151  35.7916
6161  34.2251
6171  46.5866
6181  33.0256
6191  21.6962
6201  24.6767
6211  38.3748
6221  32.6287
6231  11.7165
6241  18.46
6251  39.7439
6261  30.3849
6271  26.0368
6281  23.0766
6291  29.466
6301  43.3059
6311  13.2226
6321  28.2567
6331  39.4454
6341  30.1553
6351  20.6953
6361  54.677
6371  37.3003
6381  20.6644
6391  17.6198
6401  28.6007
6411  32.4343
6421  26.1596
6431  40.6363
6441  32.3326
6451  36.5285
6461  33.4882
6471  27.8365
6481  32.2503
6491  13.1777
6501  32.7976
6511  31.1017
6521  33.0118
6531  28.9779
6541  12.4436
6551  38.6766
6561  45.581
6571  43.8437
6581  42.1662
6591  36.6258
6601  19.3898
6611  33.1744
6621  34.0388
6631  17.3942
6641  27.2593
6651  38.9453
6661  12.0055
6671  23.5662
6681  29.7965
6691  23.0532
6701  19.2992
6711  28.3516
6721  15.1861
6731  42.6385
6741  30.8729
6751  31.1682
6761  20.4973
6771  21.2931
6781  43.4417
6791  47.2828
6801  34.1326
6811  35.3912
6821  24.4639
6831  16.809
6841  40.1245
6851  34.3619
6861  45.2128
6871  11.2773
6881  43.3603
6891  38.7542
6901  14.2565
6911  16.861
6921  48.6545
6931  38.8613
6941  29.9579
6951  33.3225
6961  15.3466
6971  33.8359
6981  17.8316
6991  46.3367
7001  60.9133
7011  32.503
7021  15.5034
7031  14.6225
7041  46.078
7051  18.7962
7061  33.656
7071  19.3272
7081  19.6094
7091  19.5758
7101  6.74857
7111  36.283
7121  21.4339
7131  25.9927
7141  44.7157
7151  18.4451
7161  42.707
7171  21.0098
7181  25.115
7191  23.0338
7201  37.8834
7211  52.3992
7221  30.8663
7231  37.8322
7241  44.4703
7251  32.7445
7261  24.402
7271  37.3032
7281  25.709
7291  25.8533
7301  52.9015
7311  31.4516
7321  33.5247
7331  27.9229
7341  36.6647
7351  33.6055
7361  27.6553
7371  31.8367
7381  48.0328
7391  30.5452
7401  32.9543
7411  36.8341
7421  33.3508
7431  24.7307
7441  45.7958
7451  49.0763
7461  23.5755
7471  39.3062
7481  26.4797
7491  42.004
7501  23.2767
7511  16.5205
7521  27.6382
7531  22.7641
7541  29.3083
7551  45.1095
7561  27.952
7571  19.6379
7581  38.0562
7591  18.9626
7601  19.7265
7611  34.3992
7621  46.9443
7631  24.6362
7641  29.1028
7651  33.6892
7661  43.2535
7671  19.0584
7681  32.8833
7691  36.7524
7701  27.9493
7711  38.1224
7721  21.6187
7731  19.1408
7741  31.2383
7751  26.8927
7761  27.2475
7771  27.3601
7781  27.2443
7791  30.9571
7801  31.9812
7811  43.0509
7821  42.1767
7831  16.0838
7841  33.1206
7851  41.4538
7861  22.5906
7871  23.7299
7881  33.8081
7891  25.6946
7901  31.3227
7911  39.4111
7921  42.8764
7931  35.2412
7941  31.4703
7951  24.7391
7961  42.4946
7971  35.8853
7981  34.8039
7991  46.0233
8001  40.9553
8011  32.1526
8021  17.8446
8031  30.1004
8041  46.9079
8051  19.1339
8061  33.4583
8071  35.34
8081  45.152
8091  19.4612
8101  27.9653
8111  39.0034
8121  41.8099
8131  31.2317
8141  16.8315
8151  30.0669
8161  31.2353
8171  30.1483
8181  28.2092
8191  32.8264
8201  50.1603
8211  25.3028
8221  35.0056
8231  19.2865
8241  16.6436
8251  26.9001
8261  22.442
8271  43.4642
8281  38.5631
8291  39.765
8301  20.8638
8311  15.6148
8321  38.3453
8331  34.8926
8341  26.2133
8351  24.0162
8361  26.2876
8371  26.0935
8381  33.601
8391  35.3038
8401  30.1156
8411  18.1419
8421  26.7207
8431  32.4419
8441  27.4178
8451  18.7814
8461  30.7764
8471  16.6209
8481  42.1364
8491  29.1217
8501  48.5527
8511  29.559
8521  29.2609
8531  16.7497
8541  28.2868
8551  49.06
8561  32.725
8571  40.1018
8581  32.389
8591  22.4707
8601  31.7342
8611  30.3442
8621  18.8935
8631  28.3552
8641  17.1649
8651  30.874
8661  36.2101
8671  20.4613
8681  22.9657
8691  13.5214
8701  35.9799
8711  19.0984
8721  57.1664
8731  38.7305
8741  18.172
8751  29.0489
8761  30.3454
8771  37.4633
8781  14.2679
8791  20.5234
8801  19.9919
8811  16.6096
8821  23.654
8831  16.7086
8841  12.7267
8851  20.7776
8861  23.3967
8871  37.3559
8881  24.2501
8891  40.04
8901  13.5834
8911  26.3139
8921  6.77212
8931  22.444
8941  28.2995
8951  31.5502
8961  29.0658
8971  31.5683
8981  38.3607
8991  20.734
9001  32.8313
9011  38.2671
9021  33.7607
9031  31.9526
9041  15.8214
9051  18.0123
9061  18.6231
9071  15.9902
9081  37.8044
9091  18.3609
9101  25.4978
9111  38.7517
9121  41.8243
9131  44.2188
9141  16.5125
9151  18.3177
9161  28.9467
9171  29.1779
9181  22.6711
9191  23.4591
9201  27.9724
9211  22.9782
9221  27.0812
9231  34.7245
9241  12.7363
9251  43.6063
9261  31.4565
9271  42.3888
9281  40.7088
9291  28.9873
9301  38.1904
9311  23.8026
9321  47.3715
9331  40.4835
9341  47.4901
9351  39.7854
9361  30.1204
9371  24.6526
9381  37.3994
9391  17.039
9401  11.8891
9411  19.104
9421  34.2856
9431  42.5439
9441  35.3492
9451  40.2318
9461  34.7319
9471  30.5217
9481  45.899
9491  19.8296
9501  46.7243
9511  46.9053
9521  38.479
9531  25.1806
9541  24.238
9551  38.9497
9561  30.6328
9571  22.7881
9581  33.1067
9591  28.0198
9601  40.5929
9611  41.0017
9621  8.97874
9631  29.9033
9641  48.7124
9651  30.7739
9661  27.1394
9671  18.7536
9681  26.5431
9691  32.2764
9701  29.16
9711  41.8846
9721  41.6517
9731  26.1525
9741  29.0623
9751  40.7359
9761  30.7161
9771  40.9538
9781  25.0399
9791  39.3046
9801  41.5966
9811  38.6463
9821  23.6167
9831  17.1838
9841  15.476
9851  28.2483
9861  35.7558
9871  28.417
9881  23.3919
9891  22.951
9901  24.8729
9911  43.9332
9921  41.9367
9931  32.3363
9941  43.9374
9951  25.6894
9961  1.90775
9971  23.4058
9981  31.1468
9991  36.3429
10001  45.9803
10011  19.9888
10021  40.0579
10031  40.5356
10041  43.1017
10051  18.0403
10061  16.1041
10071  30.4941
10081  23.574
10091  48.2359
10101  24.337
10111  37.8346
10121  42.9722
10131  42.6554
10141  28.2173
10151  28.8075
10161  31.4569
10171  29.747
10181  8.46252
10191  39.4363
10201  26.1614
10211  44.6838
10221  17.9513
10231  26.4856
10241  4.38508
10251  36.9178
10261  28.6824
10271  20.685
10281  17.6391
10291  44.986
10301  23.4193
10311  34.8142
10321  36.118
10331  33.8665
10341  42.604
10351  25.7345
10361  26.3549
10371  33.5996
10381  24.7314
10391  29.9371
10401  42.3336
10411  24.6251
10421  49.8167
10431  38.28
10441  13.4483
10451  22.4709
10461  38.3499
10471  32.9588
10481  28.6985
10491  30.9424
10501  39.1109
10511  27.0935
10521  34.6805
10531  39.5615
10541  6.89143
10551  39.0122
10561  41.5322
10571  33.9535
10581  28.9573
10591  57.0696
10601  45.44
10611  16.5294
10621  36.7778
10631  35.5914
10641  33.5697
10651  26.2397
10661  27.0908
10671  16.1584
10681  32.9664
10691  16.1051
10701  20.3162
10711  25.7046
10721  19.2765
10731  34.6171
10741  51.062
10751  32.0805
10761  16.0534
10771  28.5678
10781  32.6029
10791  55.9631
10801  16.6295
10811  35.7601
10821  31.5098
10831  20.4774
10841  29.7187
10851  55.1026
10861  37.1896
10871  20.4369
10881  31.155
10891  9.29094
10901  36.0676
10911  32.2604
10921  28.0962
10931  26.8259
10941  39.3571
10951  11.9242
10961  38.4669
10971  28.521
10981  34.525
10991  35.9889
1001  28.8243
1011  34.9189
1021  30.3766
1031  28.4228
1041  33.7431
1051  27.8829
1061  30.6171
1071  28.4584
1081  26.4351
1091  35.8006
1101  32.1828
1111  41.9325
1121  38.3122
1131  28.8821
1141  32.6797
1151  30.6674
1161  33.79
1171  33.3615
1181  29.1599
1191  32.1735
1201  37.8572
1211  19.6188
1221  24.8856
1231  32.2163
1241  31.6771
1251  29.1883
1261  30.8911
1271  32.3082
1281  36.0764
1291  24.0413
1301  27.9739
1311  30.7999
1321  24.4618
1331  31.3871
1341  25.1489
1351  37.1808
1361  30.1013
1371  27.7934
1381  38.7145
1391  30.4291
1401  27.7075
1411  29.5935
1421  27.5993
1431  37.1241
1441  29.6818
1451  25.6519
1461  38.7691
1471  19.9188
1481  24.9624
1491  33.6136
1501  30.0961
1511  29.1893
1521  30.4745
1531  23.9974
1541  21.4547
1551  28.7659
1561  34.8307
1571  36.8008
1581  34.4744
1591  36.4876
1601  34.1036
1611  29.6171
1621  24.2258
1631  34.3064
1641  38.21
1651  25.6667
1661  28.9188
1671  25.1847
1681  25.6376
1691  30.6739
1701  31.283
1711  24.7473
1721  31.8767
1731  38.8232
1741  30.3534
1751  28.9508
1761  26.4597
1771  31.9764
1781  40.0311
1791  29.827
1801  30.9107
1811  29.8174
1821  23.1973
1831  37.296
1841  27.4472
1851  24.7921
1861  25.1167
1871  32.2272
1881  28.6789
1891  31.4383
1901  25.0916
1911  32.5657
1921  39.0185
1931  26.894
1941  25.1158
1951  40.0514
1961  22.2416
1971  25.9578
1981  40.9713
1991  27.4965
2001  28.1147
2011  35.2676
2021  37.475
2031  27.1063
2041  29.7537
2051  25.1815
2061  35.5536
2071  29.751
2081  30.4988
2091  29.9188
2101  36.9737
2111  26.1041
2121  26.6711
2131  36.7139
2141  25.9764
2151  24.7867
2161  32.1979
2171  22.0324
2181  27.139
2191  30.3069
2201  31.0011
2211  44.1103
2221  24.5476
2231  31.2859
2241  30.343
2251  27.2418
2261  30.5347
2271  30.1378
2281  28.122
2291  34.284
2301  32.9649
2311  38.4438
2321  34.6936
2331  24.2932
2341  38.0393
2351  22.1133
2361  37.7473
2371  39.2939
2381  38.7545
2391  39.9146
2401  25.83
2411  28.792
2421  29.6893
2431  35.4645
2441  31.4791
2451  38.2804
2461  32.2203
2471  33.6657
2481  26.7847
2491  33.615
2501  40.2418
2511  29.5267
2521  29.426
2531  30.8913
2541  38.0103
2551  22.3259
2561  26.6704
2571  39.9284
2581  32.5521
2591  43.0984
2601  33.94
2611  32.9875
2621  28.4002
2631  31.1681
2641  35.7375
2651  18.9928
2661  29.9117
2671  34.6143
2681  27.8785
2691  30.9046
2701  42.5543
2711  34.4321
2721  45.9984
2731  41.0922
2741  35.9334
2751  36.8947
2761  23.8291
2771  34.479
2781  28.7566
2791  40.2516
2801  32.4245
2811  23.8824
2821  29.5939
2831  31.1944
2841  40.8253
2851  35.2057
2861  21.9866
2871  32.8223
2881  42.0485
2891  42.2237
2901  23.5391
2911  27.917
2921  26.6622
2931  32.1707
2941  22.7795
2951  25.5848
2961  32.9891
2971  43.9619
2981  23.7768
2991  27.6927
3001  29.8493
3011  31.9568
3021  26.5973
3031  28.1382
3041  25.2991
3051  34.5548
3061  30.9702
3071  24.0386
3081  34.3516
3091  21.5662
3101  29.6359
3111  42.1219
3121  39.641
3131  29.4875
3141  24.9929
3151  27.0275
3161  34.9301
3171  25.6868
3181  25.1297
3191  30.079
3201  29.2847
3211  26.6743
3221  27.043
3231  27.4902
3241  27.817
3251  31.7504
3261  27.4087
3271  31.897
3281  29.8256
3291  28.6952
3301  37.3409
3311  38.5275
3321  33.9945
3331  32.6157
3341  26.0378
3351  35.5433
3361  32.1147
3371  31.3663
3381  21.7594
3391  35.2338
3401  24.5004
3411  46.2008
3421  33.2406
3431  31.4398
3441  30.1456
3451  30.8159
3461  31.0495
3471  40.0564
3481  23.0697
3491  33.8794
3501  28.6745
3511  28.9634
3521  22.0475
3531  28.9714
3541  36.3686
3551  37.167
3561  40.1615
3571  30.3809
3581  29.3881
3591  28.0967
3601  21.63
3611  34.0707
3621  26.3492
3631  24.2709
3641  34.8574
3651  34.4702
3661  28.8167
3671  41.1676
3681  38.9489
3691  31.6547
3701  32.7614
3711  25.8384
3721  29.3957
3731  22.9656
3741  33.349
3751  29.4244
3761  39.2035
3771  24.0659
3781  30.6436
3791  26.4227
3801  34.2195
3811  36.7667
3821  31.4888
3831  29.0448
3841  31.5476
3851  21.5282
3861  26.5975
3871  34.1641
3881  31.4251
3891  33.2216
3901  28.13
3911  24.9294
3921  32.7087
3931  35.342
3941  28.9347
3951  25.8211
3961  30.7316
3971  32.1339
3981  34.0596
3991  30.4498
4001  29.053
4011  30.3729
4021  25.8826
4031  36.0832
4041  35.4898
4051  31.7608
4061  27.1675
4071  21.2579
4081  35.7887
4091  34.2868
4101  39.0278
4111  37.4499
4121  29.7739
4131  30.0465
4141  26.3717
4151  24.6641
4161  40.3101
4171  33.6501
4181  43.8314
4191  28.6702
4201  28.6872
4211  27.6475
4221  32.0161
4231  35.8722
4241  35.0211
4251  33.4702
4261  43.5945
4271  31.4086
4281  44.4371
4291  26.8931
4301  29.7952
4311  21.9721
4321  25.3843
4331  33.3194
4341  38.9115
4351  34.7232
4361  43.589
4371  29.3547
4381  27.4864
4391  33.0645
4401  22.3522
4411  27.8653
4421  30.1491
4431  26.631
4441  35.9679
4451  21.8651
4461  25.7325
4471  20.3043
4481  25.5637
4491  29.9936
4501  42.5082
4511  42.2032
4521  30.8496
4531  37.1642
4541  32.4895
4551  28.4033
4561  38.5
4571  28.9917
4581  24.1258
4591  36.232
4601  25.7371
4611  48.1517
4621  28.9392
4631  31.9613
4641  34.7054
4651  40.2563
4661  27.5451
4671  33.9865
4681  33.7418
4691  36.3628
4701  29.5595
4711  30.3769
4721  24.2896
4731  31.5305
4741  35.0746
4751  25.7094
4761  23.9609
4771  27.2407
4781  30.054
4791  26.9925
4801  30.2635
4811  28.7566
4821  39.0955
4831  24.3537
4841  30.8539
4851  27.9269
4861  36.188
4871  32.651
4881  44.7941
4891  25.6371
4901  33.5122
4911  29.6766
4921  30.4689
4931  38.9092
4941  34.0821
4951  28.7076
4961  39.498
4971  30.4527
4981  38.0734
4991  30.9853
5001  27.4675
5011  30.0694
5021  27.376
5031  26.9885
5041  31.9784
5051  26.5825
5061  30.9639
5071  33.8293
5081  21.0411
5091  27.02
5101  33.1442
5111  30.3958
5121  29.917
5131  38.3884
5141  25.7993
5151  25.9874
5161  29.5489
5171  36.4801
5181  26.398
5191  23.4479
5201  34.5395
5211  30.6896
5221  31.6979
5231  30.0371
5241  39.5346
5251  28.6932
5261  24.8793
5271  27.896
5281  29.9977
5291  35.9193
5301  36.4345
5311  27.8002
5321  39.5997
5331  35.4187
5341  36.7755
5351  41.7069
5361  33.7406
5371  23.7802
5381  30.3347
5391  27.6137
5401  31.6888
5411  31.8099
5421  38.7848
5431  33.9113
5441  31.9361
5451  35.1631
5461  28.8707
5471  22.304
5481  29.4575
5491  36.0631
5501  23.6671
5511  34.1943
5521  33.0779
5531  39.7136
5541  32.7335
5551  41.7992
5561  29.4684
5571  27.6274
5581  32.2057
5591  35.2202
5601  38.6453
5611  34.8028
5621  25.8782
5631  28.8597
5641  26.6925
5651  30.7332
5661  21.3319
5671  25.4215
5681  29.3242
5691  28.5871
5701  29.8981
5711  36.643
5721  30.2479
5731  29.8759
5741  34.0649
5751  36.5468
5761  26.5241
5771  31.581
5781  32.711
5791  31.8261
5801  35.8696
5811  25.9945
5821  39.3966
5831  26.1015
5841  28.5064
5851  30.9884
5861  31.4688
5871  26.9067
5881  37.9729
5891  21.6807
5901  33.5723
5911  22.8034
5921  24.4672
5931  24.9226
5941  30.9879
5951  28.0472
5961  36.3592
5971  31.924
5981  27.8587
5991  42.8222
6001  30.7705
6011  34.5318
6021  37.3836
6031  29.3386
6041  23.3693
6051  23.2104
6061  19.9961
6071  28.982
6081  28.6834
6091  30.7339
6101  30.4071
6111  32.5916
6121  32.5886
6131  31.6409
6141  26.0132
6151  28.3588
6161  34.4707
6171  25.0883
6181  32.3529
6191  38.4475
6201  35.3682
6211  25.8936
6221  26.2137
6231  42.8606
6241  31.2595
6251  23.9104
6261  35.0308
6271  32.3789
6281  28.1801
6291  35.2136
6301  23.0014
6311  48.7566
6321  31.0496
6331  25.5428
6341  27.4944
6351  31.4692
6361  24.9969
6371  34.9318
6381  26.8215
6391  29.2823
6401  31.5573
6411  25.6091
6421  26.9582
6431  27.895
6441  27.5003
6451  31.651
6461  28.3264
6471  27.7299
6481  30.1045
6491  40.7709
6501  20.4018
6511  29.4539
6521  26.1275
6531  36.7075
6541  31.8658
6551  27.5368
6561  23.9086
6571  29.2774
6581  27.3831
6591  33.6784
6601  28.2199
6611  32.2779
6621  27.3933
6631  39.1544
6641  29.1979
6651  27.5292
6661  26.472
6671  34.9545
6681  42.1488
6691  36.7166
6701  45.0816
6711  35.0956
6721  34.4022
6731  26.7965
6741  31.1884
6751  40.5406
6761  37.3565
6771  37.3274
6781  29.2613
6791  30.5194
6801  28.8629
6811  35.6824
6821  36.7764
6831  38.9807
6841  25.7403
6851  30.0981
6861  21.7279
6871  44.0635
6881  29.3882
6891  27.8821
6901  36.1195
6911  35.0206
6921  24.0839
6931  30.166
6941  34.0106
6951  24.8514
6961  37.2159
6971  22.6004
6981  37.9491
6991  26.9008
7001  32.4485
7011  29.8147
7021  36.9653
7031  33.9188
7041  27.3977
7051  36.3246
7061  26.5282
7071  44.8266
7081  34.2692
7091  35.6335
7101  40.4099
7111  34.3827
7121  38.2544
7131  36.4416
7141  26.6816
7151  32.1728
7161  32.6961
7171  33.6468
7181  33.3823
7191  37.853
7201  27.28
7211  22.5042
7221  27.5073
7231  25.6516
7241  27.9979
7251  30.4397
7261  29.9719
7271  28.1951
7281  36.3928
7291  32.7041
7301  23.8431
7311  23.1388
7321  31.3694
7331  26.2816
7341  30.4016
7351  31.8833
7361  30.1004
7371  37.4763
7381  31.0228
7391  31.1803
7401  25.1757
7411  25.2468
7421  30.1485
7431  37.8872
7441  27.2446
7451  26.0266
7461  37.313
7471  30.3135
7481  26.9611
7491  34.8158
7501  34.3032
7511  31.5349
7521  30.2969
7531  33.9921
7541  26.8585
7551  32.8515
7561  29.2599
7571  34.7696
7581  31.708
7591  29.3408
7601  45.0714
7611  28.2387
7621  29.7639
7631  30.2564
7641  33.845
7651  29.5537
7661  33.8149
7671  25.2285
7681  29.0167
7691  25.7507
7701  32.8938
7711  28.5245
7721  38.1074
7731  36.6794
7741  23.4948
7751  27.8725
7761  25.2657
7771  33.8594
7781  32.6371
7791  28.4588
7801  25.8263
7811  30.7866
7821  23.1283
7831  37.5067
7841  22.1839
7851  33.4646
7861  32.9132
7871  28.0229
7881  29.1055
7891  26.7719
7901  26.9572
7911  26.3682
7921  29.783
7931  24.4938
7941  30.1996
7951  33.3589
7961  24.9276
7971  27.6196
7981  23.5896
7991  28.3945
8001  24.3794
8011  26.5912
8021  33.0047
8031  33.656
8041  25.283
8051  39.2054
8061  33.4165
8071  24.4967
8081  31.1437
8091  38.8556
8101  36.1392
8111  28.7631
8121  24.4491
8131  37.9319
8141  25.2907
8151  26.1316
8161  36.2043
8171  25.7029
8181  28.4538
8191  29.4023
8201  23.7608
8211  40.7045
8221  30.1351
8231  35.3961
8241  38.8417
8251  30.9728
8261  37.0019
8271  24.6943
8281  27.0745
8291  19.7742
8301  33.3758
8311  31.5966
8321  24.1133
8331  24.4125
8341  24.1286
8351  31.9412
8361  26.355
8371  26.616
8381  24.2635
8391  31.0509
8401  40.6235
8411  34.6783
8421  39.4396
8431  32.977
8441  26.8407
8451  30.3614
8461  23.8073
8471  35.5212
8481  28.2399
8491  41.0938
8501  23.1698
8511  32.896
8521  29.8137
8531  37.8176
8541  37.9561
8551  30.0426
8561  25.5294
8571  28.8843
8581  27.45
8591  30.8397
8601  25.9434
8611  27.6876
8621  41.66
8631  30.0135
8641  35.5824
8651  30.8003
8661  31.6218
8671  30.4209
8681  32.2953
8691  29.6425
8701  30.5927
8711  37.3735
8721  23.2482
8731  31.4927
8741  48.0021
8751  24.8283
8761  26.593
8771  26.2314
8781  36.6932
8791  36.9096
8801  30.8355
8811  35.2638
8821  34.7367
8831  45.3091
8841  32.734
8851  37.9086
8861  31.6464
8871  35.1369
8881  37.1947
8891  31.0437
8901  45.9344
8911  33.5821
8921  47.5572
8931  25.8488
8941  32.5232
8951  31.3317
8961  31.6094
8971  27.8328
8981  27.1607
8991  27.3121
9001  32.0811
9011  21.6796
9021  26.3959
9031  36.5629
9041  37.6293
9051  35.0383
9061  31.6132
9071  35.1822
9081  37.4687
9091  32.8895
9101  28.8697
9111  24.689
9121  31.0749
9131  19.3232
9141  27.2024
9151  28.5381
9161  35.0856
9171  26.7888
9181  26.8221
9191  27.4724
9201  25.0053
9211  26.3665
9221  37.4201
9231  35.9887
9241  42.2226
9251  32.1103
9261  27.6169
9271  28.4901
9281  27.7055
9291  27.0356
9301  27.2076
9311  40.0966
9321  32.9851
9331  21.86
9341  24.2047
9351  28.9323
9361  33.7719
9371  33.9253
9381  28.6305
9391  44.6908
9401  52.6088
9411  42.3483
9421  35.0512
9431  33.8943
9441  23.3446
9451  28.2165
9461  31.9415
9471  34.6471
9481  26.7839
9491  34.1125
9501  25.5263
9511  18.7648
9521  31.4193
9531  27.6228
9541  26.5104
9551  26.8364
9561  34.5271
9571  40.9245
9581  31.5097
9591  31.848
9601  25.5451
9611  32.535
9621  47.7772
9631  30.6197
9641  22.1451
9651  25.3497
9661  32.4665
9671  37.1137
9681  26.9103
9691  32.5532
9701  30.242
9711  25.2901
9721  33.9257
9731  36.176
9741  32.8318
9751  24.9776
9761  27.7913
9771  29.3901
9781  26.6573
9791  27.0057
9801  29.2277
9811  25.4024
9821  24.9527
9831  33.682
9841  31.4595
9851  34.1329
9861  21.6106
9871  30.8222
9881  33.7525
9891  48.9251
9901  34.5059
9911  24.8971
9921  25.3432
9931  20.5427
9941  21.7333
9951  33.6347
9961  38.3607
9971  25.6207
9981  25.086
9991  34.5719
10001  37.4769
10011  30.032
10021  21.0485
10031  24.9811
10041  34.2916
10051  41.0388
10061  35.7935
10071  28.7229
10081  29.3989
10091  26.4494
10101  29.1102
10111  28.4947
10121  31.0417
10131  26.9903
10141  21.7107
10151  35.7694
10161  25.777
10171  33.7368
10181  46.6882
10191  25.8047
10201  29.1849
10211  33.0365
10221  39.7525
10231  29.2096
10241  40.9833
10251  35.4748
10261  28.8266
10271  32.9409
10281  34.62
10291  26.4857
10301  24.3775
10311  27.4412
10321  29.371
10331  23.7381
10341  20.9011
10351  29.4679
10361  24.6697
10371  26.0954
10381  37.8585
10391  29.039
10401  36.8303
10411  29.5383
10421  27.3755
10431  30.1041
10441  43.378
10451  40.805
10461  27.2741
10471  35.3354
10481  27.8079
10491  27.8954
10501  26.6148
10511  27.6468
10521  41.4198
10531  30.2558
10541  38.857
10551  26.0257
10561  34.8149
10571  33.7692
10581  32.856
10591  23.892
10601  19.5726
10611  38.3102
10621  28.4234
10631  33.9574
10641  21.1259
10651  25.1757
10661  32.8878
10671  35.267
10681  25.1505
10691  29.5573
10701  29.582
10711  29.6423
10721  34.0956
10731  25.8797
10741  23.8342
10751  29.4798
10761  40.0831
10771  28.4794
10781  26.3828
10791  26.6425
10801  22.3835
10811  28.252
10821  26.2264
10831  28.6257
10841  25.1619
10851  32.9259
10861  30.4576
10871  33.9276
10881  32.9621
10891  31.8682
10901  17.2889
10911  30.1101
10921  27.7171
10931  40.1651
10941  25.5879
10951  37.4318
10961  24.7287
10971  33.2228
10981  26.2893
10991  25.8496
