1001  0.224207
1011  0.451955
1021  0.0802889
1031  0.453765
1041  1.24059
1051  1.54455
1061  0.117639
1071  0.158753
1081  0.768001
1091  1.56571
1101  1.42162
1111  1.55932
1121  4.4788
1131  0.351252
1141  0.244329
1151  0.415748
1161  0.264732
1171  1.24573
1181  0.169427
1191  0.626976
1201  0.333262
1211  1.77287
1221  1.1009
1231  0.681251
1241  0.602351
1251  0.443873
1261  0.599865
1271  0.669366
1281  0.757988
1291  1.21215
1301  0.177518
1311  0.231069
1321  1.07042
1331  0.544397
1341  0.0387201
1351  0.153965
1361  0.347248
1371  2.15789
1381  0.876091
1391  1.09617
1401  1.8333
1411  0.213221
1421  1.08268
1431  0.294052
1441  0.574768
1451  0.309685
1461  0.138049
1471  0.32061
1481  0.54389
1491  1.99931
1501  0.183469
1511  0.789782
1521  0.86237
1531  1.51335
1541  1.23069
1551  0.642659
1561  0.050712
1571  1.66057
1581  1.93871
1591  0.439273
1601  0.901318
1611  0.819677
1621  0.25557
1631  0.360853
1641  0.518185
1651  0.00986765
1661  0.745545
1671  0.563288
1681  1.09648
1691  0.336843
1701  0.216888
1711  0.420417
1721  0.356627
1731  2.33508
1741  0.184053
1751  0.521037
1761  1.11324
1771  3.21634
1781  1.66971
1791  0.261839
1801  1.95339
1811  1.91885
1821  0.585196
1831  1.59202
1841  0.458229
1851  1.51013
1861  2.17586
1871  0.593063
1881  0.373617
1891  0.960871
1901  0.349628
1911  0.334559
1921  0.555329
1931  1.13583
1941  2.77136
1951  0.819799
1961  1.5964
1971  0.318242
1981  0.106036
1991  0.305497
2001  0.133684
2011  0.585308
2021  0.831168
2031  0.369556
2041  1.32412
2051  0.332677
2061  0.130327
2071  2.16483
2081  0.141574
2091  0.4822
2101  1.48186
2111  1.01367
2121  2.84365
2131  0.991752
2141  0.196971
2151  1.32024
2161  0.064671
2171  0.0112834
2181  2.75404
2191  1.18011
2201  1.25072
2211  0.259322
2221  2.71942
2231  0.130329
2241  0.348215
2251  0.768031
2261  0.0320373
2271  0.659216
2281  1.05973
2291  1.90403
2301  0.112434
2311  0.0312716
2321  0.184952
2331  0.414834
2341  0.0939079
2351  0.130829
2361  0.998391
2371  1.15672
2381  0.526544
2391  0.673648
2401  1.04303
2411  0.572275
2421  0.0741794
2431  0.0760567
2441  0.143618
2451  0.894872
2461  0.617665
2471  0.118499
2481  1.1177
2491  0.283607
2501  0.155213
2511  3.83966
2521  2.35208
2531  1.02136
2541  0.476951
2551  0.5869
2561  0.392557
2571  0.751928
2581  0.355364
2591  0.667423
2601  2.03143
2611  1.63496
2621  1.01049
2631  0.855792
2641  0.0280334
2651  1.09482
2661  0.639835
2671  3.37388
2681  0.488173
2691  0.76946
2701  0.0278667
2711  0.854706
2721  0.213145
2731  0.0538604
2741  1.21747
2751  1.60351
2761  0.860253
2771  0.742066
2781  0.972102
2791  0.93131
2801  0.14437
2811  0.746139
2821  3.17945
2831  0.450391
2841  0.554904
2851  0.237163
2861  1.66962
2871  0.156932
2881  1.25379
2891  0.601576
2901  3.30854
2911  0.115198
2921  0.538552
2931  1.5165
2941  1.58951
2951  2.44229
2961  0.00110965
2971  0.256261
2981  0.968833
2991  1.16645
3001  0.344527
3011  0.640778
3021  0.327715
3031  0.333171
3041  0.720488
3051  0.315033
3061  0.226334
3071  0.552268
3081  0.129319
3091  0.530653
3101  0.286038
3111  0.569291
3121  0.635106
3131  0.734863
3141  0.529698
3151  0.462838
3161  0.339153
3171  1.19912
3181  0.354476
3191  2.09114
3201  0.343367
3211  0.233787
3221  0.536143
3231  0.106045
3241  0.58492
3251  0.513283
3261  0.824435
3271  0.457693
3281  0.405285
3291  1.78374
3301  0.11083
3311  1.13192
3321  0.524707
3331  0.456777
3341  1.20451
3351  2.07417
3361  1.47836
3371  1.77642
3381  0.0796754
3391  0.132302
3401  1.11942
3411  0.279935
3421  1.84941
3431  1.20812
3441  0.712913
3451  0.988249
3461  1.66021
3471  1.16565
3481  1.10203
3491  0.523483
3501  0.753002
3511  0.655603
3521  1.07707
3531  0.250671
3541  0.631664
3551  1.07868
3561  0.364509
3571  0.348088
3581  0.177952
3591  0.330928
3601  0.993246
3611  1.20955
3621  0.245273
3631  0.0807873
3641  0.343914
3651  0.375646
3661  0.171518
3671  0.894179
3681  2.32496
3691  0.486473
3701  1.17905
3711  0.437053
3721  0.937223
3731  0.048488
3741  0.339387
3751  0.370558
3761  0.259403
3771  0.0173788
3781  0.108289
3791  0.449974
3801  0.290193
3811  0.935605
3821  0.191066
3831  2.17524
3841  0.117867
3851  0.343674
3861  0.322233
3871  0.184718
3881  1.55645
3891  0.350666
3901  0.528822
3911  1.04131
3921  0.208238
3931  0.851588
3941  0.0417098
3951  0.0391018
3961  1.23384
3971  0.11918
3981  0.352066
3991  0.169505
4001  0.166539
4011  0.420908
4021  0.48824
4031  1.66626
4041  0.500524
4051  0.416089
4061  1.64466
4071  0.330603
4081  1.31794
4091  1.05538
4101  1.58818
4111  0.346008
4121  0.677917
4131  0.533072
4141  0.184221
4151  0.929587
4161  0.183216
4171  0.0300628
4181  0.831302
4191  1.03461
4201  0.40369
4211  0.261132
4221  0.120045
4231  0.599942
4241  2.79193
4251  0.163987
4261  0.0649178
4271  0.967422
4281  0.0917269
4291  0.645237
4301  1.10659
4311  0.638878
4321  1.16758
4331  1.78808
4341  3.7231
4351  0.0500888
4361  0.998623
4371  0.0501625
4381  1.59911
4391  0.376723
4401  0.914135
4411  1.09867
4421  0.28513
4431  0.47568
4441  1.02677
4451  0.742428
4461  0.285181
4471  0.449953
4481  1.36016
4491  0.103511
4501  0.347649
4511  0.562903
4521  0.673473
4531  1.10357
4541  0.143073
4551  0.195451
4561  0.0397386
4571  0.587307
4581  0.00554595
4591  0.581012
4601  0.362569
4611  1.42496
4621  0.094893
4631  0.969319
4641  2.16361
4651  0.0630648
4661  2.70049
4671  0.0689152
4681  0.599373
4691  0.341605
4701  0.219757
4711  0.197819
4721  0.554462
4731  2.04401
4741  2.32334
4751  0.614467
4761  0.659198
4771  1.06653
4781  0.0959035
4791  0.145105
4801  1.7587
4811  0.366879
4821  1.02959
4831  0.569408
4841  0.807188
4851  0.494539
4861  0.0200014
4871  0.63918
4881  0.156409
4891  0.573487
4901  0.935942
4911  0.254705
4921  0.914939
4931  0.0733585
4941  0.780172
4951  0.505305
4961  0.571496
4971  0.198944
4981  1.454
4991  0.467634
5001  0.604926
5011  0.806813
5021  1.85059
5031  1.42811
5041  1.37457
5051  0.329544
5061  0.644693
5071  0.380305
5081  0.127806
5091  0.00191141
5101  0.525463
5111  0.293251
5121  3.23372
5131  2.17911
5141  0.406199
5151  0.948723
5161  0.880799
5171  0.999934
5181  0.580145
5191  0.645228
5201  0.0289695
5211  2.77116
5221  1.56582
5231  0.917783
5241  0.79074
5251  0.205232
5261  1.31827
5271  0.876767
5281  0.557129
5291  1.50149
5301  0.131218
5311  1.70797
5321  0.848946
5331  0.935712
5341  2.06836
5351  1.31242
5361  1.34592
5371  0.920075
5381  2.20709
5391  0.307752
5401  0.0705322
5411  3.67014
5421  0.652476
5431  0.8549
5441  2.06661
5451  1.2896
5461  0.467327
5471  0.494046
5481  0.629804
5491  0.424498
5501  0.785012
5511  0.0832684
5521  1.12522
5531  0.403685
5541  0.192379
5551  0.118795
5561  0.352938
5571  0.731956
5581  0.349912
5591  0.272777
5601  1.86701
5611  0.334157
5621  1.11124
5631  0.1582
5641  0.561044
5651  0.86232
5661  0.231759
5671  0.878466
5681  0.369849
5691  0.441714
5701  0.0663793
5711  1.79284
5721  0.665176
5731  0.471155
5741  0.954692
5751  2.02623
5761  0.424868
5771  0.337032
5781  1.11144
5791  0.225442
5801  0.42266
5811  0.901311
5821  0.0044933
5831  0.167403
5841  0.60894
5851  2.22471
5861  0.496071
5871  0.0483189
5881  1.81754
5891  0.422915
5901  0.581909
5911  1.92584
5921  0.180026
5931  0.541575
5941  2.05796
5951  0.885184
5961  0.113587
5971  0.0228917
5981  0.437235
5991  0.141573
6001  0.312263
6011  1.26894
6021  0.334766
6031  0.325104
6041  0.507525
6051  0.368214
6061  1.22519
6071  0.465148
6081  0.861371
6091  0.00217614
6101  0.13197
6111  0.384582
6121  0.902273
6131  0.340146
6141  0.473915
6151  0.0620196
6161  0.364236
6171  0.947903
6181  0.44981
6191  1.15332
6201  0.724945
6211  1.72853
6221  2.16492
6231  1.28414
6241  1.02074
6251  0.278575
6261  1.14022
6271  1.16894
6281  0.011952
6291  0.371848
6301  0.515067
6311  0.56728
6321  0.769932
6331  0.442838
6341  0.0754267
6351  0.387371
6361  0.124507
6371  0.298399
6381  0.702339
6391  0.52461
6401  1.90872
6411  0.754029
6421  2.06889
6431  0.44709
6441  1.25425
6451  1.45797
6461  0.811782
6471  0.0197034
6481  1.59008
6491  0.642703
6501  0.304842
6511  0.479221
6521  0.168614
6531  1.17399
6541  1.59704
6551  0.21074
6561  0.148525
6571  0.131844
6581  0.113347
6591  0.0684477
6601  0.691051
6611  0.644307
6621  1.30138
6631  0.73623
6641  0.148496
6651  0.365192
6661  0.36762
6671  0.577739
6681  1.1826
6691  1.2473
6701  0.0710558
6711  0.420289
6721  0.0342784
6731  0.764689
6741  0.24867
6751  0.33839
6761  0.591055
6771  0.162859
6781  0.638643
6791  0.576113
6801  0.474666
6811  1.37953
6821  0.541827
6831  0.456569
6841  0.687308
6851  1.56113
6861  0.00608586
6871  0.270684
6881  1.49129
6891  1.42062
6901  0.586291
6911  1.96154
6921  0.719564
6931  1.18617
6941  0.720594
6951  0.471321
6961  0.718699
6971  1.6524
6981  0.346129
6991  0.943126
7001  0.366316
7011  0.671682
7021  0.743314
7031  0.41699
7041  0.0894739
7051  3.14954
7061  0.970762
7071  0.147385
7081  0.506514
7091  0.020122
7101  0.0108752
7111  0.756874
7121  2.07625
7131  2.05536
7141  0.508122
7151  0.42741
7161  1.29796
7171  0.320812
7181  0.610799
7191  0.411372
7201  0.212128
7211  2.13891
7221  0.662926
7231  0.378647
7241  0.298279
7251  0.0523661
7261  2.87807
7271  0.548432
7281  0.98103
7291  0.387832
7301  0.571223
7311  0.472951
7321  0.328242
7331  0.835839
7341  0.817515
7351  0.27655
7361  0.420438
7371  0.599516
7381  0.0313542
7391  0.208769
7401  0.554779
7411  2.10971
7421  0.0331197
7431  0.126957
7441  0.591358
7451  2.97859
7461  0.00126899
7471  1.59174
7481  1.41871
7491  0.943154
7501  0.291537
7511  0.137549
7521  0.947434
7531  0.14476
7541  0.177852
7551  0.530229
7561  0.903094
7571  2.25677
7581  0.51708
7591  0.615216
7601  0.203041
7611  0.30109
7621  0.0570854
7631  0.339097
7641  0.258035
7651  1.98147
7661  0.198208
7671  0.97793
7681  0.111282
7691  0.651424
7701  1.24822
7711  0.0290066
7721  0.221262
7731  1.69802
7741  0.846128
7751  0.643411
7761  3.63253
7771  0.577946
7781  0.160337
7791  1.26476
7801  0.181919
7811  0.159271
7821  0.00890725
7831  0.669491
7841  0.101645
7851  0.287822
7861  0.570564
7871  0.696131
7881  0.459964
7891  1.2865
7901  2.3661
7911  0.101915
7921  0.678613
7931  0.409059
7941  0.52435
7951  0.889336
7961  2.07758
7971  2.9946
7981  0.733537
7991  0.107719
8001  1.23636
8011  1.14491
8021  0.121456
8031  0.856354
8041  0.0183212
8051  1.41474
8061  1.09793
8071  0.293315
8081  0.1797
8091  1.11616
8101  0.579268
8111  0.574579
8121  0.668985
8131  0.832922
8141  1.23813
8151  0.626946
8161  0.0897966
8171  0.0961587
8181  2.52073
8191  1.56261
8201  0.123331
8211  1.20026
8221  1.24715
8231  0.184054
8241  0.203782
8251  1.34948
8261  0.540163
8271  2.25205
8281  0.359933
8291  0.141577
8301  0.745785
8311  3.0652
8321  0.958898
8331  1.6216
8341  0.0163897
8351  0.230694
8361  0.0386681
8371  0.446415
8381  0.207826
8391  0.25058
8401  0.699626
8411  1.27889
8421  0.551939
8431  0.274589
8441  0.0440663
8451  0.337567
8461  0.863006
8471  0.716443
8481  0.307619
8491  0.69991
8501  2.73943
8511  0.604162
8521  1.04045
8531  2.32438
8541  0.0770604
8551  0.323351
8561  1.39784
8571  0.658781
8581  1.30773
8591  1.19265
8601  0.183223
8611  0.882977
8621  0.103769
8631  0.0305852
8641  1.3652
8651  0.238253
8661  1.94115
8671  1.34255
8681  0.309685
8691  0.00322038
8701  1.64212
8711  0.819558
8721  0.0492579
8731  0.558378
8741  0.843771
8751  0.811308
8761  1.19092
8771  1.30209
8781  0.578585
8791  0.28999
8801  0.135848
8811  1.11892
8821  1.92346
8831  0.0226898
8841  0.131036
8851  0.900129
8861  0.201166
8871  1.02633
8881  0.0796821
8891  2.59552
8901  0.0197995
8911  1.0236
8921  0.464937
8931  0.234427
8941  0.028573
8951  0.0689602
8961  1.26927
8971  0.6148
8981  1.30006
8991  2.16089
9001  0.353312
9011  1.59499
9021  0.0982445
9031  0.468813
9041  0.43534
9051  0.364236
9061  0.735348
9071  0.240829
9081  0.224113
9091  0.95838
9101  0.0878218
9111  0.520194
9121  0.185704
9131  0.049662
9141  0.00567141
9151  0.204645
9161  0.550914
9171  0.302425
9181  0.862315
9191  0.406441
9201  0.200527
9211  0.207673
9221  0.806046
9231  0.148502
9241  0.114213
9251  0.30808
9261  1.18095
9271  0.393165
9281  2.60746
9291  0.517583
9301  2.09068
9311  2.07046
9321  0.172891
9331  0.664097
9341  0.408223
9351  1.08823
9361  2.35939
9371  0.131683
9381  0.653301
9391  0.825323
9401  0.032345
9411  0.889035
9421  0.287938
9431  0.0146892
9441  0.25121
9451  0.0527588
9461  0.289851
9471  0.573894
9481  0.295378
9491  0.451283
9501  0.835218
9511  0.577369
9521  1.05689
9531  1.76359
9541  0.196339
9551  0.735059
9561  0.0868356
9571  0.522375
9581  0.615957
9591  0.307343
9601  0.807316
9611  0.0593999
9621  0.459451
9631  0.437589
9641  1.04606
9651  0.179585
9661  1.22659
9671  0.0729731
9681  2.38548
9691  0.29269
9701  0.0326761
9711  2.14905
9721  1.35558
9731  0.571218
9741  1.51704
9751  0.105593
9761  1.30154
9771  1.39991
9781  0.41062
9791  0.516409
9801  0.108733
9811  0.89138
9821  0.0450558
9831  0.23452
9841  0.446075
9851  0.475224
9861  0.837226
9871  1.46129
9881  0.917197
9891  0.224129
9901  0.109995
9911  0.495341
9921  0.50402
9931  0.610958
9941  0.68012
9951  0.46577
9961  0.251346
9971  0.516525
9981  0.17865
9991  0.172724
10001  0.997458
10011  1.06121
10021  0.752524
10031  2.04997
10041  0.793402
10051  1.76749
10061  0.283521
10071  0.331775
10081  1.09555
10091  0.382216
10101  0.854895
10111  0.0270973
10121  0.81414
10131  0.0582588
10141  1.75749
10151  1.16471
10161  0.714439
10171  0.421036
10181  2.3027
10191  0.990824
10201  0.0217042
10211  0.116587
10221  1.53705
10231  0.0956439
10241  1.80654
10251  0.590856
10261  1.02241
10271  0.0941991
10281  0.294585
10291  0.217679
10301  0.107539
10311  0.375139
10321  1.10786
10331  2.01062
10341  0.211141
10351  0.579107
10361  0.78303
10371  0.342657
10381  1.06203
10391  1.34735
10401  0.722428
10411  0.491509
10421  1.09898
10431  1.48597
10441  0.596598
10451  0.937814
10461  0.10133
10471  0.0374127
10481  0.0529325
10491  0.0950429
10501  3.35708
10511  0.0995277
10521  0.501511
10531  0.240473
10541  0.616933
10551  0.0258732
10561  1.63192
10571  0.26914
10581  0.1882
10591  0.519688
10601  1.90297
10611  0.0709193
10621  0.620269
10631  0.0893238
10641  0.173325
10651  0.165043
10661  0.660417
10671  1.60691
10681  1.32713
10691  1.02975
10701  0.419291
10711  2.08444
10721  1.11243
10731  0.344849
10741  1.0076
10751  1.01103
10761  0.356025
10771  0.139734
10781  0.395892
10791  0.21621
10801  0.162631
10811  0.766574
10821  0.179967
10831  0.0324636
10841  0.699694
10851  1.57298
10861  0.079507
10871  1.11261
10881  1.23847
10891  1.22646
10901  1.05762
10911  1.00167
10921  2.00419
10931  1.13336
10941  1.43558
10951  0.021779
10961  0.117761
10971  1.36296
10981  0.297522
10991  0.500522
