1001  0.986682
1011  0.109361
1021  3.01091
1031  0.776378
1041  0.942613
1051  0.489093
1061  0.0239662
1071  0.494239
1081  0.525427
1091  0.722462
1101  0.336768
1111  0.92746
1121  0.968115
1131  0.198537
1141  0.575254
1151  0.286019
1161  0.302904
1171  0.51945
1181  1.55321
1191  0.851121
1201  0.428197
1211  0.288581
1221  0.722341
1231  1.90077
1241  0.133063
1251  0.946053
1261  0.26295
1271  0.589472
1281  0.413811
1291  1.08215
1301  0.94921
1311  1.34466
1321  0.485355
1331  2.28051
1341  0.0672858
1351  0.210992
1361  0.0547091
1371  0.0499579
1381  0.167695
1391  0.165848
1401  0.159456
1411  0.224887
1421  0.0617237
1431  0.0679803
1441  0.907548
1451  0.712503
1461  0.366436
1471  1.84541
1481  0.567893
1491  0.540863
1501  0.877483
1511  0.60665
1521  0.114082
1531  0.836506
1541  1.18005
1551  0.290399
1561  1.72088
1571  0.67941
1581  0.571167
1591  0.375345
1601  1.97224
1611  1.94552
1621  0.322675
1631  0.609912
1641  0.462382
1651  0.090432
1661  0.127335
1671  0.917674
1681  0.378046
1691  0.398643
1701  0.244576
1711  0.225962
1721  2.18378
1731  1.4419
1741  1.21717
1751  0.449264
1761  1.16471
1771  1.17596
1781  0.238668
1791  2.39211
1801  1.29002
1811  0.385481
1821  0.580538
1831  0.465524
1841  1.0692
1851  0.091293
1861  0.0413136
1871  2.82956
1881  0.343554
1891  1.63702
1901  0.155237
1911  1.36689
1921  0.390262
1931  0.18059
1941  1.01926
1951  0.0255661
1961  1.49125
1971  2.36025
1981  0.0323865
1991  0.601189
2001  0.744352
2011  0.626973
2021  0.795207
2031  0.970174
2041  0.853191
2051  0.654048
2061  0.365009
2071  0.108227
2081  0.409822
2091  1.90716
2101  0.00488292
2111  0.0388352
2121  0.94239
2131  0.49982
2141  0.00550247
2151  0.649171
2161  0.611467
2171  0.566193
2181  2.22592
2191  0.140614
2201  0.258567
2211  0.897307
2221  2.11488
2231  0.473814
2241  1.94717
2251  0.537061
2261  0.444537
2271  1.56883
2281  0.105113
2291  0.783772
2301  1.03626
2311  1.24058
2321  3.29763
2331  2.4218
2341  0.783778
2351  1.11394
2361  2.72653
2371  1.00722
2381  0.37853
2391  0.740751
2401  1.81591
2411  0.307023
2421  0.367395
2431  0.145808
2441  1.95293
2451  0.190986
2461  1.45091
2471  0.179289
2481  0.713039
2491  1.67629
2501  1.57388
2511  1.44427
2521  0.870204
2531  0.532855
2541  1.04925
2551  1.52724
2561  0.499229
2571  0.479891
2581  0.880158
2591  0.791472
2601  0.425281
2611  0.994491
2621  0.162591
2631  0.309997
2641  0.825569
2651  2.25594
2661  0.18398
2671  0.515261
2681  0.133159
2691  0.27628
2701  1.31477
2711  0.194417
2721  0.0278703
2731  1.73567
2741  0.562954
2751  0.216054
2761  0.510268
2771  1.47087
2781  0.653052
2791  0.613799
2801  0.623299
2811  0.819979
2821  0.024766
2831  1.39556
2841  0.160735
2851  2.61573
2861  1.51015
2871  0.170571
2881  1.38109
2891  3.6805
2901  0.382292
2911  0.604086
2921  0.739188
2931  0.287079
2941  0.27397
2951  0.810558
2961  0.344971
2971  0.167624
2981  0.0373849
2991  1.30328
3001  0.418353
3011  0.0674971
3021  1.17292
3031  0.857616
3041  0.0982808
3051  1.71621
3061  1.21448
3071  0.749496
3081  0.121929
3091  1.01083
3101  0.245729
3111  0.834824
3121  1.29849
3131  0.0492257
3141  0.75208
3151  0.34239
3161  2.12863
3171  2.58775
3181  2.25748
3191  0.0317529
3201  0.0825275
3211  0.247879
3221  0.0134584
3231  0.820777
3241  0.0453445
3251  1.59907
3261  1.46506
3271  0.270818
3281  0.0760998
3291  0.242754
3301  1.06182
3311  0.868363
3321  0.40242
3331  0.120416
3341  0.407241
3351  0.656178
3361  0.443147
3371  1.20216
3381  0.110116
3391  0.357369
3401  0.0687829
3411  1.05362
3421  0.411846
3431  1.32579
3441  0.823696
3451  1.90247
3461  0.892415
3471  1.84757
3481  0.0296426
3491  0.210809
3501  2.40811
3511  0.809822
3521  0.453503
3531  1.22101
3541  1.77168
3551  0.556121
3561  0.0977491
3571  1.15516
3581  1.58073
3591  0.383055
3601  1.03502
3611  0.127386
3621  0.838574
3631  0.66973
3641  0.217411
3651  1.94686
3661  0.266481
3671  1.59526
3681  1.01305
3691  0.215361
3701  0.187974
3711  1.28324
3721  0.335158
3731  0.636901
3741  0.306215
3751  0.133098
3761  0.268592
3771  0.689766
3781  0.387153
3791  0.606191
3801  0.690225
3811  0.091799
3821  0.899269
3831  0.745231
3841  1.89048
3851  0.246609
3861  2.58383
3871  0.261479
3881  0.776427
3891  0.00512486
3901  0.23561
3911  1.63414
3921  0.366546
3931  0.192451
3941  0.151175
3951  0.0426479
3961  1.32941
3971  0.723835
3981  0.498912
3991  0.323321
4001  0.556228
4011  1.46115
4021  0.969095
4031  3.66788
4041  0.308317
4051  0.794908
4061  0.905912
4071  0.286682
4081  0.669652
4091  1.04508
4101  1.8696
4111  1.3736
4121  1.05376
4131  0.847423
4141  0.274971
4151  1.11256
4161  2.49221
4171  0.671256
4181  0.731219
4191  0.319916
4201  1.68509
4211  0.21964
4221  0.495128
4231  0.746164
4241  1.25457
4251  0.458483
4261  2.73741
4271  1.26917
4281  0.646272
4291  0.65921
4301  0.942151
4311  0.467502
4321  0.229201
4331  0.0114309
4341  1.27705
4351  0.527199
4361  1.26306
4371  0.299446
4381  0.0219359
4391  1.4106
4401  0.877121
4411  0.403156
4421  2.60809
4431  0.601319
4441  0.578527
4451  1.25572
4461  1.49349
4471  1.59783
4481  1.37146
4491  1.04611
4501  0.673249
4511  0.140695
4521  1.17908
4531  1.76871
4541  0.244371
4551  3.02498
4561  0.122711
4571  0.149559
4581  0.0758265
4591  0.0463579
4601  0.925134
4611  0.266781
4621  0.140827
4631  1.79617
4641  0.0886382
4651  2.15329
4661  1.04479
4671  0.159281
4681  1.1288
4691  1.52293
4701  0.866729
4711  0.433865
4721  1.29038
4731  0.74996
4741  0.668445
4751  0.446206
4761  0.566455
4771  0.979349
4781  0.479158
4791  0.066128
4801  0.667548
4811  0.517418
4821  0.190924
4831  0.56987
4841  0.0736371
4851  0.827963
4861  0.196416
4871  0.468804
4881  0.871807
4891  0.128778
4901  2.57429
4911  2.73748
4921  3.70283
4931  1.83108
4941  0.138392
4951  0.0587022
4961  0.229434
4971  0.400609
4981  1.78546
4991  0.522858
5001  0.504636
5011  1.11887
5021  0.594464
5031  0.0417023
5041  0.6349
5051  0.0780418
5061  0.277884
5071  2.0684
5081  0.472028
5091  0.325742
5101  0.842508
5111  0.0962628
5121  0.0187009
5131  0.252675
5141  0.150822
5151  0.43083
5161  0.755631
5171  1.13433
5181  1.4073
5191  0.0629793
5201  0.784941
5211  0.00644825
5221  0.230955
5231  0.378979
5241  0.967067
5251  1.29205
5261  1.60102
5271  0.917167
5281  0.656668
5291  0.0885673
5301  0.914107
5311  0.830434
5321  0.190659
5331  1.29964
5341  0.19567
5351  0.264509
5361  0.22976
5371  0.0244281
5381  0.0855638
5391  0.0108959
5401  0.172362
5411  2.10845
5421  0.784411
5431  1.24162
5441  0.512188
5451  1.18778
5461  0.184574
5471  0.222183
5481  0.874689
5491  0.262649
5501  0.106727
5511  0.330393
5521  0.959542
5531  0.0438401
5541  0.108401
5551  0.0958529
5561  0.205367
5571  0.133923
5581  0.459252
5591  0.848164
5601  0.158712
5611  0.00729428
5621  0.880764
5631  1.42706
5641  0.345552
5651  0.746642
5661  0.042059
5671  0.832172
5681  0.201148
5691  0.304325
5701  0.666799
5711  0.0662312
5721  0.865148
5731  1.9358
5741  0.192081
5751  0.622705
5761  0.229736
5771  0.899572
5781  0.717732
5791  1.2129
5801  0.345267
5811  1.44619
5821  0.036694
5831  0.385315
5841  0.146253
5851  1.10518
5861  2.10287
5871  0.189421
5881  0.385978
5891  1.27834
5901  0.549191
5911  0.213703
5921  0.888811
5931  1.32657
5941  0.807835
5951  0.0416783
5961  0.712648
5971  0.565473
5981  0.588879
5991  0.0583466
6001  0.0308367
6011  1.21301
6021  0.464518
6031  0.254177
6041  1.12054
6051  0.733896
6061  1.06142
6071  0.155518
6081  2.48765
6091  0.409297
6101  0.776945
6111  2.05526
6121  0.16428
6131  0.983521
6141  2.21157
6151  0.0854419
6161  0.539484
6171  0.194747
6181  0.214215
6191  0.0192873
6201  0.1334
6211  0.0869295
6221  0.196304
6231  2.45319
6241  1.27523
6251  0.895708
6261  0.367386
6271  2.87895
6281  0.729604
6291  0.978182
6301  0.88392
6311  0.237714
6321  0.0762611
6331  1.35432
6341  0.171324
6351  1.51191
6361  1.26666
6371  0.622516
6381  1.82752
6391  1.00142
6401  1.0995
6411  2.43994
6421  0.109965
6431  1.14348
6441  1.5819
6451  1.29013
6461  0.051686
6471  0.678712
6481  0.0135829
6491  0.155929
6501  0.995161
6511  0.28546
6521  0.213998
6531  0.21709
6541  0.155059
6551  0.439952
6561  0.104861
6571  0.358793
6581  0.0399819
6591  0.342811
6601  0.700592
6611  0.599015
6621  2.18796
6631  0.720128
6641  0.407781
6651  1.09239
6661  0.563137
6671  0.110661
6681  0.320154
6691  1.67893
6701  0.0607498
6711  1.28968
6721  0.238161
6731  0.366602
6741  0.258496
6751  0.127926
6761  0.486779
6771  0.201895
6781  0.44116
6791  0.717312
6801  0.639525
6811  1.45786
6821  0.630878
6831  0.078747
6841  0.640864
6851  1.03206
6861  0.037686
6871  1.11812
6881  0.272002
6891  2.80378
6901  1.19546
6911  0.926321
6921  1.38081
6931  1.35871
6941  0.336731
6951  0.462276
6961  0.570535
6971  0.947301
6981  1.48613
6991  2.95504
7001  0.285587
7011  1.63603
7021  1.64917
7031  0.103334
7041  0.176806
7051  0.513094
7061  1.18675
7071  0.601199
7081  0.473269
7091  1.28147
7101  1.80306
7111  0.817278
7121  0.0430946
7131  0.246673
7141  1.7295
7151  0.0696174
7161  0.457874
7171  0.17837
7181  0.82379
7191  0.299968
7201  0.180325
7211  0.485632
7221  0.219805
7231  1.54209
7241  0.367733
7251  0.0522899
7261  0.713579
7271  0.0409187
7281  0.193327
7291  0.71605
7301  4.48981
7311  2.17507
7321  0.0125559
7331  0.0850404
7341  0.0503694
7351  2.04887
7361  0.681541
7371  0.113299
7381  0.086582
7391  0.521407
7401  2.57615
7411  0.507263
7421  0.494984
7431  0.0806577
7441  0.521123
7451  0.352786
7461  0.0748565
7471  1.35816
7481  0.820069
7491  0.874237
7501  1.96834
7511  0.260852
7521  0.153325
7531  0.195822
7541  0.299331
7551  1.45779
7561  0.414791
7571  0.0890623
7581  0.785074
7591  0.208014
7601  0.0475688
7611  1.72154
7621  0.116913
7631  0.179783
7641  0.693933
7651  0.473509
7661  0.648314
7671  0.0833332
7681  0.131442
7691  0.591937
7701  1.41207
7711  0.023914
7721  0.44017
7731  0.340317
7741  0.573757
7751  0.209066
7761  0.232876
7771  0.254629
7781  0.553577
7791  0.00470843
7801  0.240266
7811  0.825119
7821  0.114282
7831  2.0359
7841  0.377528
7851  0.636602
7861  0.716958
7871  1.58289
7881  1.6118
7891  1.92063
7901  0.606357
7911  0.869631
7921  2.09116
7931  3.12472
7941  1.12115
7951  0.704576
7961  0.394734
7971  0.574848
7981  0.152451
7991  0.794375
8001  0.204249
8011  0.45199
8021  0.258789
8031  1.86101
8041  0.17661
8051  0.976527
8061  1.89663
8071  0.21694
8081  2.04705
8091  0.257305
8101  0.246174
8111  0.289153
8121  0.715625
8131  0.721938
8141  0.590405
8151  0.148622
8161  1.86512
8171  0.373897
8181  1.79869
8191  1.02186
8201  2.54118
8211  0.601342
8221  0.310816
8231  1.11243
8241  3.70142
8251  0.241624
8261  0.427111
8271  0.281322
8281  0.434892
8291  0.362625
8301  0.0684321
8311  0.0333999
8321  0.821682
8331  0.0236348
8341  0.82896
8351  0.938701
8361  0.202502
8371  2.75986
8381  0.290332
8391  0.178305
8401  0.78292
8411  0.475657
8421  0.0686092
8431  0.150267
8441  0.930775
8451  2.85933
8461  0.382082
8471  0.229679
8481  0.0758503
8491  1.48894
8501  0.120034
8511  1.03441
8521  0.90664
8531  0.561995
8541  1.34516
8551  1.72693
8561  0.278837
8571  0.214149
8581  0.19759
8591  0.166188
8601  0.565725
8611  0.252239
8621  1.37733
8631  0.203706
8641  0.0601884
8651  0.915453
8661  1.63183
8671  0.332227
8681  0.095387
8691  0.00964801
8701  0.508236
8711  1.34726
8721  0.527272
8731  0.452474
8741  0.339339
8751  0.731699
8761  0.547044
8771  1.52693
8781  0.492447
8791  1.12002
8801  1.57675
8811  0.113916
8821  0.0520181
8831  0.163884
8841  0.786027
8851  0.705996
8861  0.194387
8871  1.24729
8881  0.680313
8891  0.164685
8901  1.38118
8911  0.866099
8921  1.14924
8931  0.025882
8941  0.564191
8951  0.716684
8961  0.385396
8971  0.0108947
8981  0.234202
8991  2.08142
9001  0.259892
9011  0.305339
9021  0.149848
9031  0.201329
9041  1.7974
9051  0.111321
9061  1.32789
9071  0.269999
9081  1.40017
9091  1.02369
9101  0.420578
9111  1.28696
9121  0.916874
9131  1.85199
9141  0.343735
9151  1.74451
9161  0.264603
9171  0.260873
9181  0.0464642
9191  0.535735
9201  0.61276
9211  0.153415
9221  2.3334
9231  0.406313
9241  0.2195
9251  0.866356
9261  0.284476
9271  0.474226
9281  0.975706
9291  0.468661
9301  1.055
9311  0.341063
9321  0.308068
9331  1.06723
9341  2.17548
9351  2.26542
9361  1.00553
9371  1.54104
9381  0.0133884
9391  0.232737
9401  0.211265
9411  0.677084
9421  1.46739
9431  1.82515
9441  0.0302194
9451  0.062767
9461  1.65124
9471  1.46307
9481  0.0846337
9491  1.27588
9501  0.565858
9511  0.0123347
9521  0.711228
9531  0.0420165
9541  0.421429
9551  1.08869
9561  0.0148955
9571  0.36932
9581  1.13531
9591  0.303811
9601  1.7671
9611  0.997809
9621  0.98709
9631  1.86096
9641  1.19256
9651  1.26165
9661  1.25667
9671  0.734847
9681  0.45668
9691  0.673932
9701  0.350387
9711  0.708896
9721  0.231632
9731  0.685002
9741  0.678116
9751  0.363988
9761  1.38943
9771  0.109037
9781  0.312908
9791  1.76227
9801  0.30125
9811  0.0642421
9821  1.65778
9831  0.004054
9841  1.16434
9851  0.960491
9861  0.12591
9871  0.259746
9881  2.36325
9891  0.240955
9901  1.14398
9911  0.766234
9921  1.38204
9931  0.135449
9941  0.31141
9951  2.14174
9961  0.132606
9971  0.777287
9981  1.37009
9991  1.46925
10001  0.241435
10011  1.36561
10021  1.04132
10031  1.6663
10041  0.177578
10051  0.343242
10061  0.763725
10071  0.41483
10081  0.904263
10091  0.166319
10101  0.478944
10111  0.235067
10121  0.698761
10131  2.49178
10141  1.7005
10151  0.494776
10161  0.427515
10171  1.87701
10181  0.468475
10191  0.231668
10201  0.392813
10211  0.218109
10221  0.114433
10231  0.80818
10241  1.01445
10251  1.02237
10261  1.27768
10271  1.5178
10281  0.847247
10291  1.04974
10301  0.50186
10311  1.13514
10321  1.3849
10331  2.69699
10341  1.33675
10351  1.83954
10361  1.02144
10371  1.24954
10381  1.54409
10391  0.667669
10401  0.412537
10411  0.761996
10421  0.381882
10431  1.85678
10441  0.151824
10451  0.306108
10461  0.25403
10471  0.18012
10481  0.620924
10491  2.53742
10501  0.520402
10511  0.00905892
10521  0.32561
10531  0.974206
10541  1.03857
10551  0.376739
10561  0.21644
10571  1.89628
10581  0.212225
10591  0.00248527
10601  0.392831
10611  0.469719
10621  0.174179
10631  0.814102
10641  0.270003
10651  0.169215
10661  1.48329
10671  0.536676
10681  0.110154
10691  0.447794
10701  0.355734
10711  1.05597
10721  0.489079
10731  0.0199484
10741  0.336195
10751  0.104193
10761  0.124921
10771  0.229966
10781  0.419772
10791  0.063861
10801  1.21126
10811  0.550962
10821  0.15256
10831  0.180958
10841  2.18536
10851  1.11998
10861  0.260277
10871  0.241636
10881  0.260127
10891  0.604064
10901  0.0989797
10911  1.86393
10921  1.37079
10931  1.72906
10941  1.2689
10951  0.573282
10961  0.108581
10971  0.266515
10981  0.899943
10991  0.588075
