1001  1.8631
1011  3.98234
1021  6.9973
1031  5.1438
1041  4.50199
1051  4.62252
1061  3.97311
1071  4.14125
1081  3.92357
1091  1.35148
1101  3.68934
1111  3.81332
1121  4.18399
1131  3.86627
1141  2.15377
1151  4.31253
1161  7.38371
1171  2.71245
1181  6.77085
1191  8.58894
1201  5.13503
1211  4.81566
1221  3.77099
1231  4.78984
1241  3.09707
1251  4.63891
1261  3.64855
1271  4.58437
1281  3.56969
1291  9.48769
1301  4.97624
1311  6.10895
1321  8.46885
1331  4.27129
1341  5.70413
1351  2.28052
1361  3.91364
1371  4.62779
1381  3.3749
1391  2.61497
1401  4.555
1411  4.95503
1421  2.61144
1431  3.83748
1441  2.2509
1451  10.0109
1461  3.86386
1471  5.04448
1481  3.41521
1491  6.52105
1501  7.00577
1511  5.90861
1521  4.70299
1531  8.24509
1541  4.10973
1551  4.5409
1561  5.68543
1571  2.99123
1581  4.03131
1591  7.68838
1601  5.72127
1611  4.38658
1621  5.29456
1631  8.79895
1641  7.18417
1651  6.66857
1661  6.16604
1671  2.75492
1681  9.18439
1691  6.8388
1701  2.37951
1711  6.49587
1721  2.11897
1731  7.50773
1741  5.63075
1751  5.14518
1761  5.66464
1771  1.71576
1781  10.3781
1791  3.60501
1801  4.55049
1811  6.4685
1821  8.99608
1831  4.21752
1841  3.93791
1851  6.06451
1861  4.33165
1871  2.53309
1881  2.55201
1891  5.43617
1901  2.66989
1911  2.95042
1921  4.44823
1931  1.29286
1941  8.0606
1951  3.72039
1961  4.20845
1971  4.7302
1981  7.21736
1991  4.15164
2001  6.33559
2011  4.40314
2021  8.36895
2031  3.7731
2041  3.09946
2051  4.32994
2061  5.72771
2071  7.69225
2081  5.8628
2091  4.36352
2101  3.69958
2111  3.67863
2121  3.0378
2131  2.29226
2141  3.47744
2151  4.89824
2161  3.76388
2171  5.53649
2181  3.44162
2191  4.53753
2201  11.2093
2211  7.2103
2221  4.13155
2231  7.25274
2241  1.63917
2251  5.00457
2261  2.81588
2271  6.0716
2281  3.8997
2291  4.51981
2301  5.82956
2311  3.10104
2321  7.09116
2331  1.78048
2341  8.59312
2351  3.40698
2361  3.76082
2371  6.49383
2381  7.42271
2391  7.61446
2401  4.61893
2411  4.5335
2421  4.64145
2431  3.62367
2441  6.47152
2451  2.57245
2461  10.6153
2471  4.10948
2481  3.23724
2491  6.1807
2501  5.97838
2511  3.59158
2521  2.71096
2531  8.38215
2541  3.97007
2551  8.27728
2561  8.27066
2571  3.4192
2581  5.14826
2591  4.18807
2601  10.9934
2611  7.22242
2621  6.1707
2631  1.92768
2641  6.4635
2651  2.8517
2661  3.02133
2671  2.14333
2681  5.32339
2691  7.40802
2701  1.57896
2711  2.75988
2721  5.7369
2731  2.99702
2741  5.77811
2751  4.95072
2761  2.83768
2771  9.91606
2781  4.97285
2791  5.12145
2801  7.30682
2811  2.64247
2821  1.79967
2831  5.71794
2841  3.9415
2851  4.49498
2861  2.37725
2871  5.31993
2881  5.69369
2891  2.35522
2901  6.76848
2911  7.74796
2921  3.97595
2931  5.59914
2941  4.8116
2951  4.35616
2961  7.59888
2971  7.17478
2981  5.39347
2991  5.47152
3001  4.11343
3011  3.03329
3021  3.81852
3031  2.53047
3041  3.60215
3051  12.4162
3061  1.76054
3071  7.62038
3081  4.27112
3091  7.01546
3101  4.38689
3111  6.61572
3121  3.42862
3131  2.13172
3141  10.449
3151  3.1702
3161  4.76206
3171  5.17193
3181  4.1247
3191  4.54606
3201  8.91408
3211  2.81975
3221  5.11022
3231  7.08795
3241  4.52545
3251  5.67577
3261  5.23925
3271  6.29243
3281  5.21676
3291  3.35657
3301  5.42667
3311  5.08
3321  4.55339
3331  2.86813
3341  5.87508
3351  6.34134
3361  6.2537
3371  3.09165
3381  3.42817
3391  5.95555
3401  2.43333
3411  4.37193
3421  2.37704
3431  12.1004
3441  1.66947
3451  3.05461
3461  4.17144
3471  7.23127
3481  4.98296
3491  4.89507
3501  3.99453
3511  2.67323
3521  11.6452
3531  6.44627
3541  6.29672
3551  5.51146
3561  5.85693
3571  8.73317
3581  2.51887
3591  4.28413
3601  7.18344
3611  2.32631
3621  2.33062
3631  2.25363
3641  4.2247
3651  3.45825
3661  6.61915
3671  7.45872
3681  5.01289
3691  2.81507
3701  4.64283
3711  8.01393
3721  5.49867
3731  5.78973
3741  5.28965
3751  4.33824
3761  5.08791
3771  2.16882
3781  2.82774
3791  6.824
3801  3.17438
3811  6.30747
3821  2.57447
3831  1.34709
3841  5.44964
3851  6.37676
3861  12.0872
3871  7.01051
3881  6.23269
3891  2.28964
3901  5.20842
3911  7.37193
3921  3.09934
3931  1.29473
3941  1.89381
3951  2.48981
3961  7.41738
3971  1.85711
3981  4.14685
3991  8.82072
4001  4.95793
4011  4.53577
4021  6.95277
4031  7.1526
4041  14.4246
4051  13.2091
4061  2.49099
4071  8.05725
4081  6.32142
4091  4.42427
4101  5.92234
4111  3.04939
4121  5.8778
4131  4.1206
4141  2.94857
4151  5.15159
4161  1.99498
4171  4.43277
4181  7.46302
4191  2.06846
4201  5.4094
4211  6.76124
4221  3.70505
4231  3.44837
4241  2.20602
4251  5.02229
4261  6.04927
4271  5.20318
4281  1.89613
4291  4.10289
4301  9.17469
4311  4.03553
4321  3.84918
4331  5.10571
4341  5.79191
4351  3.881
4361  5.90281
4371  6.05847
4381  4.74306
4391  6.10957
4401  3.7633
4411  5.35663
4421  10.9092
4431  7.31156
4441  4.86736
4451  3.90092
4461  6.65105
4471  4.96312
4481  4.1456
4491  1.83261
4501  4.09571
4511  5.37164
4521  2.7937
4531  7.72382
4541  3.33692
4551  4.80329
4561  4.84225
4571  5.90702
4581  5.10966
4591  3.21999
4601  7.45382
4611  3.39744
4621  5.48766
4631  7.29243
4641  4.32406
4651  1.53084
4661  2.0363
4671  2.8212
4681  7.56845
4691  8.42016
4701  4.18344
4711  6.35725
4721  5.28065
4731  2.42055
4741  5.7729
4751  9.12467
4761  6.0074
4771  3.35844
4781  8.88964
4791  4.8987
4801  3.67955
4811  1.91139
4821  4.81397
4831  4.12744
4841  4.55552
4851  1.54209
4861  7.25445
4871  4.21288
4881  4.71378
4891  2.65607
4901  3.87666
4911  4.22318
4921  7.9744
4931  5.38016
4941  5.69833
4951  4.45355
4961  2.53749
4971  6.76734
4981  1.18145
4991  4.12299
5001  3.46873
5011  5.33209
5021  7.27828
5031  5.11512
5041  4.49465
5051  1.7531
5061  7.46668
5071  5.5247
5081  3.73059
5091  6.81494
5101  4.78252
5111  7.66256
5121  1.64667
5131  5.62071
5141  7.86226
5151  9.57782
5161  3.56213
5171  3.87562
5181  5.13931
5191  5.96108
5201  4.42723
5211  9.35235
5221  5.92382
5231  6.60842
5241  5.69891
5251  1.96394
5261  3.77193
5271  3.08613
5281  4.20927
5291  5.02268
5301  5.83755
5311  5.38823
5321  7.19245
5331  2.39548
5341  5.62594
5351  3.18701
5361  1.87567
5371  3.77897
5381  2.30699
5391  5.18183
5401  3.20826
5411  2.88268
5421  3.18414
5431  4.32893
5441  12.0668
5451  4.40302
5461  7.84122
5471  3.23782
5481  5.70781
5491  3.01703
5501  5.56504
5511  3.99447
5521  3.95684
5531  4.18124
5541  3.84026
5551  2.66822
5561  3.25864
5571  5.44269
5581  9.25521
5591  1.95207
5601  3.72427
5611  6.86097
5621  3.71258
5631  6.80757
5641  3.81043
5651  7.04161
5661  3.99436
5671  5.72554
5681  7.16878
5691  9.85748
5701  4.49677
5711  5.76048
5721  4.90556
5731  4.75123
5741  3.40105
5751  3.14488
5761  5.08338
5771  6.63081
5781  3.07184
5791  3.1551
5801  4.08618
5811  7.00196
5821  3.87691
5831  6.12929
5841  4.72098
5851  3.33151
5861  5.17057
5871  4.82295
5881  5.62228
5891  1.92463
5901  6.33682
5911  4.34056
5921  2.44476
5931  3.73142
5941  5.55754
5951  3.43192
5961  2.32999
5971  3.55218
5981  2.87493
5991  4.13887
6001  4.76658
6011  2.3131
6021  2.65547
6031  9.64302
6041  5.56355
6051  3.44531
6061  8.85492
6071  6.15236
6081  2.3328
6091  5.25976
6101  4.65635
6111  9.03574
6121  5.83322
6131  6.76483
6141  9.81686
6151  5.87173
6161  4.86311
6171  9.70733
6181  5.5458
6191  2.59458
6201  6.3572
6211  2.20154
6221  2.12639
6231  4.68101
6241  9.79171
6251  2.99183
6261  6.83613
6271  4.91108
6281  7.68719
6291  7.47408
6301  6.77657
6311  3.47611
6321  1.3612
6331  5.17831
6341  4.54469
6351  3.11083
6361  2.67291
6371  6.82457
6381  6.22863
6391  6.34346
6401  4.39113
6411  6.03999
6421  6.5331
6431  1.39778
6441  4.70196
6451  5.91592
6461  6.47034
6471  7.10847
6481  10.1374
6491  7.61546
6501  3.45711
6511  4.28465
6521  7.39333
6531  3.59916
6541  4.38174
6551  5.56088
6561  3.55818
6571  7.43622
6581  6.24139
6591  2.07382
6601  4.00551
6611  3.22433
6621  4.4468
6631  7.35691
6641  3.42807
6651  8.41086
6661  3.70449
6671  5.14552
6681  3.22959
6691  5.95458
6701  9.76181
6711  3.34826
6721  5.98868
6731  1.01852
6741  6.38704
6751  4.67594
6761  2.69256
6771  3.98166
6781  3.06874
6791  6.25517
6801  2.85882
6811  1.66036
6821  2.35228
6831  4.92627
6841  2.55075
6851  3.5668
6861  3.22295
6871  2.27502
6881  3.56029
6891  4.7877
6901  4.77993
6911  4.80704
6921  3.56605
6931  6.57438
6941  0.750271
6951  5.92095
6961  8.37564
6971  3.31634
6981  2.15825
6991  3.45151
7001  9.29166
7011  5.31732
7021  3.55216
7031  3.15679
7041  9.85642
7051  3.08448
7061  4.75568
7071  9.01465
7081  5.83667
7091  4.02747
7101  4.26619
7111  4.3145
7121  7.4195
7131  2.95957
7141  10.5177
7151  4.07353
7161  4.4278
7171  8.89436
7181  10.3209
7191  1.52147
7201  6.4371
7211  5.42087
7221  2.7689
7231  4.86876
7241  3.02863
7251  3.07529
7261  3.92926
7271  3.51024
7281  3.8452
7291  4.21082
7301  4.16038
7311  2.9148
7321  1.37438
7331  2.51337
7341  4.17859
7351  2.7212
7361  4.82571
7371  4.74702
7381  4.69048
7391  5.43385
7401  4.18456
7411  8.09693
7421  5.05534
7431  7.28687
7441  2.97652
7451  6.01934
7461  5.15634
7471  6.25894
7481  5.01249
7491  3.93616
7501  4.45056
7511  7.98331
7521  8.18235
7531  4.42462
7541  3.1289
7551  5.26983
7561  7.45274
7571  5.83337
7581  7.13959
7591  2.21325
7601  4.36425
7611  3.79853
7621  7.32716
7631  6.94385
7641  9.46933
7651  5.08719
7661  5.54875
7671  3.36969
7681  2.45438
7691  2.9064
7701  4.49128
7711  2.66264
7721  3.97266
7731  8.80277
7741  4.53916
7751  3.11863
7761  4.89661
7771  3.55128
7781  4.73335
7791  3.15817
7801  3.69385
7811  2.15257
7821  7.06895
7831  6.75734
7841  4.19374
7851  4.69241
7861  2.59978
7871  6.7378
7881  8.94331
7891  8.23108
7901  3.57353
7911  7.27237
7921  7.87244
7931  2.58031
7941  8.23881
7951  2.7256
7961  4.20878
7971  4.65009
7981  3.62648
7991  6.16667
8001  4.77894
8011  5.20378
8021  6.52589
8031  3.77539
8041  5.83126
8051  3.29497
8061  7.26755
8071  8.30146
8081  7.11867
8091  5.39008
8101  2.85593
8111  3.15009
8121  7.77463
8131  2.87811
8141  3.53447
8151  7.24384
8161  3.64541
8171  4.87857
8181  6.80603
8191  5.19331
8201  5.06529
8211  5.03217
8221  4.34913
8231  4.77165
8241  4.84279
8251  3.92083
8261  4.81264
8271  9.027
8281  7.25153
8291  7.05299
8301  3.71017
8311  8.01713
8321  4.09657
8331  2.09152
8341  8.01879
8351  2.57102
8361  3.05087
8371  4.85593
8381  2.98976
8391  4.29583
8401  4.16906
8411  6.10274
8421  2.78945
8431  3.17584
8441  5.24211
8451  4.33713
8461  4.04396
8471  3.38498
8481  1.40903
8491  6.29524
8501  7.10822
8511  6.34513
8521  3.79228
8531  6.27518
8541  2.83991
8551  4.04534
8561  5.8483
8571  3.96565
8581  4.14214
8591  4.92567
8601  3.52162
8611  2.34967
8621  7.95814
8631  6.12212
8641  5.66739
8651  3.00808
8661  4.2678
8671  2.7717
8681  3.53395
8691  1.91114
8701  4.39901
8711  7.4977
8721  1.93916
8731  6.55639
8741  5.90971
8751  8.39225
8761  3.90889
8771  5.62935
8781  10.3971
8791  2.56875
8801  1.68854
8811  4.46784
8821  5.6281
8831  4.76595
8841  4.92149
8851  2.16536
8861  7.88717
8871  3.68439
8881  4.15599
8891  1.61313
8901  3.48295
8911  3.98673
8921  3.99952
8931  7.40628
8941  5.98881
8951  2.49729
8961  6.4874
8971  3.72312
8981  1.558
8991  1.77773
9001  7.21187
9011  8.28785
9021  6.77548
9031  3.22569
9041  4.98991
9051  2.34546
9061  5.57797
9071  8.37581
9081  2.18243
9091  4.65792
9101  6.26935
9111  6.65718
9121  6.27972
9131  5.04599
9141  3.0526
9151  5.67432
9161  4.3117
9171  4.45601
9181  6.42046
9191  3.17104
9201  4.59965
9211  3.43408
9221  1.52261
9231  3.98102
9241  10.3218
9251  1.01485
9261  2.34731
9271  9.19446
9281  7.02665
9291  6.0506
9301  4.87182
9311  7.00439
9321  7.02369
9331  2.70893
9341  6.89676
9351  5.92353
9361  2.91392
9371  2.3094
9381  6.58413
9391  5.28748
9401  11.6138
9411  7.0904
9421  3.31315
9431  3.4695
9441  2.73908
9451  4.68019
9461  9.90827
9471  7.41825
9481  3.28576
9491  2.49043
9501  4.38051
9511  12.5646
9521  9.91376
9531  3.34366
9541  1.39389
9551  5.32114
9561  2.83575
9571  5.72867
9581  5.45598
9591  6.51012
9601  3.26306
9611  8.65618
9621  3.34782
9631  4.50727
9641  3.90049
9651  4.41276
9661  4.6858
9671  5.32597
9681  3.49073
9691  10.8993
9701  5.32127
9711  6.27722
9721  5.25647
9731  8.68742
9741  1.41352
9751  4.49045
9761  5.26628
9771  5.12726
9781  5.32306
9791  4.62794
9801  2.2532
9811  9.97253
9821  5.13987
9831  2.72346
9841  4.61809
9851  4.19219
9861  3.9832
9871  6.46837
9881  5.98774
9891  6.19883
9901  4.61801
9911  3.90056
9921  6.19783
9931  7.84729
9941  4.21478
9951  3.18612
9961  3.07132
9971  7.86918
9981  2.93549
9991  5.60046
10001  4.20485
10011  4.73236
10021  6.38177
10031  3.84194
10041  3.13757
10051  2.38696
10061  4.50468
10071  7.21523
10081  8.78973
10091  6.80183
10101  4.89058
10111  3.17625
10121  3.80458
10131  2.89358
10141  3.30075
10151  4.51436
10161  5.23008
10171  4.345
10181  2.14473
10191  4.7668
10201  4.64449
10211  3.67964
10221  2.94543
10231  2.16318
10241  6.2595
10251  5.37624
10261  5.92894
10271  4.56085
10281  3.21448
10291  8.23366
10301  4.04337
10311  6.13614
10321  5.50369
10331  6.00927
10341  7.50146
10351  8.05872
10361  5.11215
10371  1.29816
10381  3.38743
10391  3.1449
10401  5.72043
10411  2.68054
10421  6.85273
10431  4.9871
10441  2.6815
10451  2.18404
10461  4.67941
10471  2.52814
10481  9.08173
10491  3.72396
10501  6.50912
10511  6.64229
10521  8.24105
10531  4.58022
10541  6.60521
10551  5.52522
10561  4.03761
10571  2.82302
10581  6.88519
10591  6.55891
10601  7.22926
10611  3.28524
10621  2.95395
10631  2.45337
10641  5.16398
10651  7.53714
10661  8.94113
10671  4.56729
10681  7.10913
10691  5.29629
10701  3.32145
10711  1.64942
10721  5.20821
10731  7.33539
10741  7.42497
10751  5.55441
10761  3.78994
10771  4.95431
10781  5.43485
10791  4.62346
10801  4.13786
10811  13.0204
10821  5.11268
10831  6.43072
10841  5.09684
10851  7.96028
10861  5.45025
10871  5.56803
10881  3.12684
10891  8.26829
10901  3.21083
10911  3.34477
10921  6.61363
10931  4.16242
10941  4.5815
10951  4.28677
10961  6.28546
10971  6.34001
10981  7.72007
10991  2.82225
