1001  0.220059
1011  0.280306
1021  1.1968
1031  0.264363
1041  0.25336
1051  0.34222
1061  1.75442
1071  0.00206575
1081  0.407524
1091  1.9858
1101  0.011867
1111  0.389455
1121  1.45521
1131  0.650412
1141  2.15286
1151  0.502761
1161  0.844478
1171  0.0991964
1181  0.85257
1191  0.864767
1201  1.33719
1211  0.641913
1221  0.12236
1231  1.02991
1241  0.0233309
1251  0.744684
1261  1.65558
1271  0.0147397
1281  0.235992
1291  0.15298
1301  1.55543
1311  0.335426
1321  2.28577
1331  0.0496864
1341  0.530948
1351  0.280468
1361  0.230651
1371  0.530365
1381  0.557056
1391  2.51122
1401  1.51549
1411  0.276519
1421  0.896277
1431  0.45024
1441  0.109199
1451  0.140313
1461  1.31987
1471  0.0852133
1481  1.42311
1491  0.319407
1501  0.673378
1511  0.0911164
1521  0.0683407
1531  0.616257
1541  0.578307
1551  1.10187
1561  0.956994
1571  0.464558
1581  0.589721
1591  1.92905
1601  1.08266
1611  1.89301
1621  0.364975
1631  0.405971
1641  0.201571
1651  1.63045
1661  0.434374
1671  0.34282
1681  1.76634
1691  0.757452
1701  0.00628045
1711  0.147059
1721  1.34482
1731  2.5503
1741  1.203
1751  0.84206
1761  0.0610309
1771  1.16605
1781  2.55122
1791  1.05258
1801  0.908065
1811  0.784703
1821  0.0504923
1831  0.474817
1841  0.00068773
1851  0.160131
1861  1.07465
1871  0.319656
1881  0.00146906
1891  0.469361
1901  0.194886
1911  0.0895909
1921  0.334936
1931  0.108922
1941  0.223282
1951  0.355859
1961  1.64784
1971  0.130233
1981  0.685577
1991  1.40072
2001  0.616522
2011  0.938281
2021  1.35538
2031  0.00577062
2041  0.875178
2051  0.444321
2061  0.778326
2071  0.497482
2081  0.557222
2091  2.41422
2101  0.0265662
2111  2.60302
2121  1.48808
2131  0.638415
2141  0.295162
2151  0.0467752
2161  0.246547
2171  0.79808
2181  1.29184
2191  0.425103
2201  1.24063
2211  1.0458
2221  0.629344
2231  0.797376
2241  0.43734
2251  2.37716
2261  0.249642
2271  0.25176
2281  0.52154
2291  0.00684533
2301  0.373034
2311  1.9755
2321  0.52263
2331  1.76239
2341  1.28987
2351  1.37871
2361  1.51395
2371  1.2899
2381  0.216952
2391  0.658279
2401  0.832386
2411  0.631327
2421  0.738108
2431  0.206598
2441  0.634288
2451  0.368392
2461  0.999421
2471  0.351499
2481  0.915629
2491  0.0659043
2501  0.272377
2511  0.234712
2521  0.103366
2531  1.60149
2541  0.0899566
2551  1.59547
2561  1.36375
2571  0.0559866
2581  0.738813
2591  0.95592
2601  0.0269677
2611  0.0980449
2621  0.20733
2631  0.466505
2641  1.55344
2651  0.326341
2661  0.178361
2671  0.926845
2681  0.551203
2691  0.785182
2701  1.6811
2711  1.97297
2721  0.0689961
2731  0.199177
2741  0.512256
2751  0.0510966
2761  0.302796
2771  0.742665
2781  0.163736
2791  2.21871
2801  2.23606
2811  0.0133865
2821  0.567268
2831  1.01743
2841  0.953668
2851  0.697954
2861  0.207757
2871  1.08966
2881  0.941087
2891  0.0435536
2901  0.608972
2911  0.0980023
2921  1.13675
2931  2.01859
2941  0.132188
2951  0.382548
2961  0.442686
2971  0.100207
2981  1.51159
2991  0.549645
3001  0.63744
3011  1.31144
3021  0.13524
3031  1.42809
3041  0.654167
3051  0.574763
3061  0.859041
3071  1.16213
3081  1.8512
3091  0.116034
3101  0.298455
3111  1.66521
3121  0.400953
3131  0.282757
3141  0.105456
3151  0.0892597
3161  0.200748
3171  0.134721
3181  1.27442
3191  0.871176
3201  1.05737
3211  0.511566
3221  1.201
3231  1.16521
3241  0.26542
3251  1.53223
3261  0.104118
3271  0.0232293
3281  1.03118
3291  0.154121
3301  1.47378
3311  1.86148
3321  2.11556
3331  0.680663
3341  0.488739
3351  1.03749
3361  1.68458
3371  0.344757
3381  0.912687
3391  0.547468
3401  0.315848
3411  0.457959
3421  0.60926
3431  0.151829
3441  0.569102
3451  0.512859
3461  1.99778
3471  1.40878
3481  2.57728
3491  0.228067
3501  0.140392
3511  0.0301331
3521  0.37514
3531  0.644025
3541  0.453561
3551  1.09609
3561  0.0849725
3571  0.130192
3581  0.101916
3591  0.832147
3601  0.252325
3611  1.12398
3621  0.91009
3631  0.908875
3641  0.554684
3651  0.432338
3661  0.356204
3671  1.49821
3681  0.958058
3691  0.427559
3701  1.1069
3711  0.699984
3721  0.278801
3731  0.0328718
3741  0.865684
3751  0.505501
3761  1.23997
3771  0.00489319
3781  0.392503
3791  0.0820046
3801  0.142934
3811  0.41907
3821  0.797417
3831  0.310471
3841  1.49505
3851  0.127136
3861  0.474718
3871  0.350489
3881  0.410492
3891  0.647871
3901  0.732504
3911  1.35806
3921  0.0640245
3931  0.0818359
3941  0.525157
3951  0.693617
3961  0.748649
3971  0.364464
3981  0.050755
3991  0.25326
4001  0.488115
4011  0.0981734
4021  0.95061
4031  0.937075
4041  0.415551
4051  0.910014
4061  1.03904
4071  0.58716
4081  0.219509
4091  1.64147
4101  1.3268
4111  0.26725
4121  1.96582
4131  0.47843
4141  1.58142
4151  0.0636047
4161  0.152689
4171  0.606944
4181  0.563068
4191  0.175375
4201  0.466051
4211  0.394185
4221  0.727996
4231  0.864622
4241  2.35257
4251  0.352308
4261  1.34819
4271  2.62909
4281  0.194459
4291  0.516621
4301  0.129009
4311  0.393399
4321  1.39099
4331  1.23208
4341  0.283944
4351  0.328378
4361  0.221072
4371  1.20287
4381  0.412897
4391  2.4073
4401  0.579954
4411  1.36369
4421  0.927096
4431  0.203222
4441  0.99614
4451  0.761676
4461  0.086066
4471  1.11704
4481  1.77618
4491  0.273855
4501  0.771802
4511  0.414784
4521  0.915003
4531  1.32635
4541  0.321915
4551  1.14338
4561  0.95412
4571  0.403871
4581  0.904371
4591  0.367006
4601  0.443145
4611  0.738797
4621  0.309085
4631  0.794618
4641  2.23751
4651  0.408962
4661  0.249128
4671  0.401434
4681  0.621914
4691  0.480032
4701  0.569473
4711  0.840231
4721  0.0648496
4731  0.952687
4741  0.658092
4751  0.669338
4761  0.0254295
4771  1.46567
4781  0.24327
4791  0.314518
4801  0.264997
4811  0.847733
4821  0.231497
4831  0.918837
4841  0.232522
4851  2.02383
4861  1.67169
4871  0.66346
4881  0.336056
4891  0.446227
4901  0.696998
4911  0.373078
4921  0.903869
4931  0.315543
4941  0.142371
4951  2.55317
4961  0.100322
4971  2.28339
4981  0.8457
4991  0.0187735
5001  0.194618
5011  0.0560595
5021  0.0133626
5031  0.413336
5041  0.652904
5051  1.17466
5061  0.320476
5071  0.186637
5081  1.18392
5091  0.201941
5101  0.347431
5111  0.322084
5121  0.582817
5131  0.170697
5141  1.29943
5151  0.619696
5161  0.230636
5171  1.342
5181  0.0348851
5191  0.0862066
5201  2.75886
5211  2.12562
5221  0.143703
5231  1.31455
5241  1.25496
5251  1.47754
5261  0.181832
5271  1.34677
5281  0.974505
5291  0.63923
5301  0.945621
5311  1.63578
5321  1.05562
5331  2.65234
5341  1.38763
5351  0.0239133
5361  0.405252
5371  0.04539
5381  0.556196
5391  0.417479
5401  0.245303
5411  0.162645
5421  0.310207
5431  0.811748
5441  0.0239037
5451  0.326877
5461  3.12152
5471  0.459819
5481  0.662545
5491  0.391345
5501  0.237478
5511  0.0281382
5521  0.332638
5531  0.45196
5541  1.12128
5551  0.0712395
5561  1.10142
5571  0.578641
5581  0.237465
5591  0.025672
5601  1.35482
5611  0.901774
5621  0.229779
5631  3.4577
5641  0.477082
5651  1.27355
5661  0.398846
5671  0.226037
5681  0.0323025
5691  0.101173
5701  0.97069
5711  0.674922
5721  0.867894
5731  1.23846
5741  0.541557
5751  1.99367
5761  0.205486
5771  2.46584
5781  0.174576
5791  0.781946
5801  0.514793
5811  0.644616
5821  0.198384
5831  1.28709
5841  0.488276
5851  0.551325
5861  1.03233
5871  0.887869
5881  0.585028
5891  0.863496
5901  0.557076
5911  0.0489057
5921  0.205392
5931  0.369732
5941  0.620453
5951  1.19794
5961  0.0360384
5971  1.48536
5981  1.00918
5991  0.915558
6001  0.516049
6011  1.74473
6021  1.09374
6031  0.0149882
6041  0.355258
6051  0.0542851
6061  0.0198828
6071  1.4659
6081  0.228719
6091  0.821636
6101  2.43486
6111  1.31334
6121  1.25488
6131  0.382114
6141  0.666292
6151  0.44757
6161  0.80111
6171  0.323213
6181  0.243695
6191  0.298
6201  0.052878
6211  0.0104656
6221  0.469463
6231  0.439462
6241  0.0430346
6251  0.618621
6261  0.5431
6271  0.236395
6281  0.542267
6291  3.42689
6301  0.327018
6311  2.88896
6321  0.169906
6331  1.48094
6341  1.94779
6351  1.60491
6361  0.379988
6371  0.102136
6381  1.21434
6391  0.215189
6401  1.15545
6411  0.837396
6421  0.904404
6431  1.42955
6441  0.246132
6451  1.3886
6461  0.959429
6471  0.214593
6481  0.469738
6491  0.292933
6501  0.97025
6511  1.20319
6521  0.171414
6531  0.18876
6541  1.76199
6551  0.695918
6561  1.19227
6571  0.25784
6581  0.22474
6591  0.896329
6601  0.914204
6611  0.573119
6621  0.814788
6631  0.369154
6641  1.11209
6651  0.612879
6661  0.446717
6671  0.78768
6681  1.71275
6691  0.131819
6701  0.255281
6711  0.472796
6721  1.97647
6731  0.224171
6741  0.0915117
6751  0.527979
6761  1.28625
6771  1.3617
6781  2.05634
6791  0.436844
6801  0.547865
6811  0.476535
6821  2.34172
6831  0.670653
6841  0.0822743
6851  0.98617
6861  0.494109
6871  1.28754
6881  2.15576
6891  0.586254
6901  0.664149
6911  0.0329602
6921  0.734107
6931  1.32959
6941  0.50982
6951  0.146319
6961  0.242448
6971  0.349741
6981  0.0719312
6991  1.41887
7001  0.957395
7011  0.55405
7021  1.90485
7031  0.333805
7041  2.53218
7051  0.00186469
7061  0.13879
7071  0.225077
7081  0.357486
7091  0.251022
7101  2.33758
7111  1.51891
7121  0.682239
7131  0.547578
7141  0.370715
7151  0.926909
7161  0.430315
7171  0.693719
7181  0.453973
7191  1.60549
7201  1.92099
7211  0.0826331
7221  0.0591869
7231  2.34741
7241  0.78151
7251  1.16366
7261  1.94532
7271  3.70568
7281  0.166532
7291  1.11364
7301  0.205813
7311  0.821576
7321  0.440941
7331  0.911435
7341  0.250104
7351  0.255445
7361  1.36339
7371  0.487135
7381  0.143853
7391  0.0695259
7401  0.187312
7411  0.0442508
7421  0.425077
7431  0.832138
7441  0.187371
7451  0.0708557
7461  0.0890572
7471  2.36001
7481  0.391019
7491  0.233331
7501  0.0721225
7511  0.00854483
7521  0.117374
7531  1.31289
7541  0.448008
7551  0.396518
7561  0.162956
7571  0.206301
7581  1.40969
7591  0.438972
7601  0.829198
7611  0.927927
7621  1.8509
7631  0.311163
7641  1.03484
7651  0.284485
7661  0.425741
7671  0.371942
7681  1.01049
7691  1.6581
7701  0.715851
7711  1.20479
7721  2.32769
7731  0.746515
7741  0.595684
7751  0.373447
7761  0.83523
7771  0.328234
7781  0.482754
7791  0.312974
7801  0.495572
7811  0.518679
7821  0.215786
7831  0.511234
7841  0.245044
7851  0.335641
7861  0.638971
7871  1.1363
7881  0.00420146
7891  1.29581
7901  1.43699
7911  0.756441
7921  1.80342
7931  0.218275
7941  0.325022
7951  1.31087
7961  1.57013
7971  0.289714
7981  1.53256
7991  0.305591
8001  0.824007
8011  0.443575
8021  0.467594
8031  0.962711
8041  1.06515
8051  0.265578
8061  2.82215
8071  2.34671
8081  1.83381
8091  1.70569
8101  0.445078
8111  0.177763
8121  0.117441
8131  0.0803525
8141  0.0940151
8151  1.10863
8161  0.615475
8171  0.815592
8181  0.58923
8191  0.257346
8201  0.37146
8211  1.10103
8221  0.30086
8231  2.33669
8241  0.214509
8251  1.39451
8261  2.08916
8271  0.944763
8281  0.712274
8291  0.621608
8301  0.904122
8311  0.562042
8321  0.917998
8331  1.40038
8341  2.13368
8351  0.372519
8361  2.37953
8371  1.31727
8381  0.585617
8391  0.430072
8401  1.33757
8411  0.17539
8421  0.106738
8431  0.356869
8441  0.0838549
8451  0.0369767
8461  0.362803
8471  0.64479
8481  0.61518
8491  1.62115
8501  0.864095
8511  0.142706
8521  0.472081
8531  0.234013
8541  0.55944
8551  0.14904
8561  0.0496459
8571  1.50499
8581  0.434457
8591  0.767497
8601  0.393366
8611  1.16661
8621  0.121007
8631  0.764114
8641  0.795193
8651  1.93184
8661  0.289644
8671  0.425543
8681  0.338376
8691  0.105871
8701  0.558367
8711  1.6946
8721  1.4974
8731  0.734068
8741  0.123365
8751  0.884937
8761  0.962956
8771  0.944914
8781  0.772238
8791  2.9589
8801  1.26145
8811  0.0251568
8821  0.622244
8831  0.716475
8841  0.164856
8851  3.44454
8861  0.0742945
8871  0.334316
8881  0.429259
8891  0.419843
8901  0.3926
8911  0.310377
8921  0.463465
8931  0.0384009
8941  1.00839
8951  1.17613
8961  0.184298
8971  0.615542
8981  0.215111
8991  0.318395
9001  0.50021
9011  0.329184
9021  0.317753
9031  0.246923
9041  1.44813
9051  0.924182
9061  1.0521
9071  0.0303034
9081  0.774664
9091  0.480527
9101  1.40307
9111  0.470696
9121  0.195608
9131  2.11886
9141  0.344858
9151  0.408582
9161  0.934307
9171  0.613484
9181  0.881896
9191  1.12287
9201  1.40127
9211  0.911767
9221  1.22094
9231  1.39747
9241  0.161921
9251  0.0751865
9261  0.222272
9271  0.33774
9281  1.5289
9291  0.288092
9301  0.361882
9311  0.388987
9321  0.141103
9331  1.26692
9341  1.64838
9351  0.74074
9361  0.00196053
9371  1.23258
9381  0.0886153
9391  0.0993433
9401  0.907498
9411  2.80848
9421  1.84154
9431  0.772269
9441  1.81972
9451  0.595345
9461  1.82144
9471  0.0285238
9481  0.811613
9491  0.550444
9501  0.116392
9511  1.2751
9521  0.454449
9531  0.0187685
9541  0.339495
9551  1.22743
9561  1.27297
9571  0.659368
9581  0.00574513
9591  0.161679
9601  0.36889
9611  0.45134
9621  0.119173
9631  0.236092
9641  0.364027
9651  1.51952
9661  0.521107
9671  0.116577
9681  0.597102
9691  0.0932562
9701  0.766932
9711  0.731174
9721  0.878523
9731  0.504241
9741  0.877446
9751  1.45458
9761  0.378134
9771  0.218773
9781  1.73675
9791  2.34048
9801  0.282272
9811  1.06841
9821  0.812065
9831  0.823907
9841  0.930525
9851  0.0301646
9861  2.44535
9871  0.694523
9881  0.323286
9891  0.423791
9901  0.576293
9911  0.442486
9921  0.374314
9931  0.169834
9941  2.35235
9951  2.95652
9961  0.316978
9971  0.799658
9981  0.498373
9991  0.166694
10001  0.352125
10011  0.505066
10021  0.170651
10031  0.0313794
10041  0.872966
10051  1.37974
10061  0.863047
10071  0.0252948
10081  0.273033
10091  0.110269
10101  0.198671
10111  2.24906
10121  0.370513
10131  0.0286544
10141  0.228737
10151  0.768134
10161  1.40688
10171  1.21782
10181  0.126459
10191  0.370594
10201  0.0921544
10211  2.53867
10221  1.37395
10231  0.521955
10241  0.581422
10251  0.410937
10261  0.982333
10271  1.27537
10281  0.712188
10291  0.511772
10301  0.790859
10311  0.293035
10321  0.595242
10331  0.755377
10341  0.518436
10351  0.38055
10361  0.610313
10371  0.518362
10381  0.671284
10391  0.218141
10401  0.530664
10411  0.0428534
10421  0.497377
10431  0.080739
10441  0.390405
10451  0.95033
10461  0.375485
10471  0.865173
10481  0.7672
10491  1.0728
10501  0.281257
10511  0.414085
10521  0.186443
10531  0.454843
10541  0.170706
10551  0.194639
10561  0.403921
10571  0.210532
10581  0.187822
10591  0.583489
10601  0.580163
10611  0.152809
10621  1.51522
10631  1.10651
10641  0.435277
10651  0.119673
10661  1.67652
10671  0.157066
10681  0.873585
10691  0.1254
10701  1.40241
10711  1.12075
10721  1.37896
10731  0.866042
10741  0.283405
10751  0.892873
10761  1.56447
10771  0.285177
10781  2.87949
10791  0.996571
10801  1.55573
10811  1.92492
10821  0.62554
10831  0.631494
10841  0.599905
10851  0.0531909
10861  0.963332
10871  2.34086
10881  0.336964
10891  0.437612
10901  0.0646499
10911  0.754414
10921  2.82294
10931  0.7838
10941  1.04785
10951  0.133755
10961  2.74359
10971  0.353281
10981  2.07243
10991  1.07574
