1001  3.40962
1011  5.39626
1021  6.42296
1031  7.5864
1041  6.91194
1051  3.23663
1061  6.17887
1071  12.4738
1081  1.58277
1091  4.56082
1101  7.47796
1111  6.0992
1121  5.51276
1131  5.06637
1141  6.33885
1151  3.39583
1161  2.75762
1171  1.45664
1181  5.05856
1191  9.5283
1201  11.5384
1211  2.00568
1221  4.74374
1231  7.41837
1241  3.38504
1251  4.80469
1261  3.32727
1271  6.78917
1281  6.59632
1291  2.82656
1301  5.14344
1311  3.62194
1321  3.69055
1331  5.81535
1341  2.47786
1351  5.31773
1361  6.3486
1371  8.10393
1381  4.12996
1391  3.69029
1401  2.05735
1411  7.5597
1421  5.00037
1431  2.44161
1441  3.44156
1451  1.72116
1461  8.54756
1471  2.00877
1481  5.7658
1491  2.7936
1501  1.89757
1511  6.69604
1521  5.14994
1531  5.70109
1541  5.89032
1551  2.62874
1561  2.96025
1571  4.05878
1581  6.31591
1591  7.40456
1601  2.33038
1611  6.90795
1621  3.16873
1631  3.74106
1641  2.8912
1651  9.00472
1661  1.90783
1671  5.75241
1681  8.49748
1691  5.52808
1701  8.4333
1711  1.89122
1721  4.34039
1731  3.6704
1741  8.816
1751  3.62497
1761  7.77022
1771  9.63125
1781  4.32552
1791  4.12725
1801  5.11012
1811  3.02252
1821  4.65311
1831  4.31311
1841  4.77262
1851  5.56164
1861  4.69371
1871  3.51857
1881  4.79431
1891  3.20785
1901  5.89269
1911  2.78365
1921  2.38479
1931  2.30901
1941  9.06226
1951  7.92658
1961  7.61798
1971  5.55118
1981  3.44817
1991  6.06869
2001  5.30246
2011  5.20336
2021  5.8444
2031  6.41433
2041  6.57239
2051  4.59137
2061  5.23817
2071  1.19646
2081  1.90718
2091  3.79604
2101  2.1388
2111  3.75553
2121  3.5071
2131  4.68352
2141  1.50492
2151  4.65233
2161  1.32149
2171  1.06362
2181  4.56034
2191  3.02242
2201  3.19575
2211  4.38384
2221  7.24293
2231  4.71262
2241  5.19949
2251  2.74267
2261  4.76869
2271  10.842
2281  5.62909
2291  5.61724
2301  4.84775
2311  3.36756
2321  3.62859
2331  2.08182
2341  3.77189
2351  5.25262
2361  4.93915
2371  4.38343
2381  9.51778
2391  3.32219
2401  3.62949
2411  6.77525
2421  5.15661
2431  2.47862
2441  4.73631
2451  4.01326
2461  1.46724
2471  4.08171
2481  5.39964
2491  4.63468
2501  4.21052
2511  6.009
2521  3.70476
2531  7.0055
2541  4.90502
2551  4.60465
2561  8.25547
2571  5.22538
2581  3.96151
2591  2.84291
2601  2.51634
2611  6.49497
2621  5.21267
2631  5.86141
2641  7.62126
2651  3.84281
2661  6.64055
2671  3.39708
2681  5.78278
2691  1.54046
2701  7.58458
2711  5.94215
2721  5.16074
2731  3.41416
2741  3.15165
2751  4.19697
2761  3.08825
2771  5.24367
2781  5.70876
2791  3.68536
2801  9.81401
2811  7.58548
2821  7.72513
2831  10.3737
2841  5.37671
2851  5.9854
2861  5.26415
2871  4.60552
2881  1.33019
2891  2.80219
2901  3.584
2911  2.52151
2921  4.20003
2931  3.11465
2941  9.75197
2951  5.90367
2961  4.4955
2971  6.54154
2981  5.6247
2991  1.67837
3001  2.49012
3011  2.40224
3021  3.37059
3031  2.9974
3041  3.43272
3051  2.81149
3061  3.12271
3071  8.0663
3081  4.02547
3091  2.02494
3101  6.82258
3111  4.19559
3121  7.39382
3131  6.43723
3141  3.84872
3151  4.90158
3161  6.80883
3171  8.66361
3181  3.88526
3191  1.95323
3201  2.4037
3211  4.40406
3221  4.90424
3231  6.16528
3241  6.29723
3251  3.51621
3261  3.45312
3271  5.24417
3281  6.98262
3291  7.04076
3301  2.543
3311  0.677987
3321  6.90136
3331  3.99404
3341  3.23593
3351  3.82595
3361  3.68639
3371  4.4647
3381  3.69
3391  6.38261
3401  4.12182
3411  1.39046
3421  5.81607
3431  1.9386
3441  7.76628
3451  8.28783
3461  4.50194
3471  5.4051
3481  7.88805
3491  8.00053
3501  3.81576
3511  2.26388
3521  4.54759
3531  4.00905
3541  6.80406
3551  9.07283
3561  4.33716
3571  9.43069
3581  3.55447
3591  2.89402
3601  4.0329
3611  10.7857
3621  6.08311
3631  1.06213
3641  10.3088
3651  3.79239
3661  3.00806
3671  11.1836
3681  5.5829
3691  6.32095
3701  6.37198
3711  4.7975
3721  3.90634
3731  3.39194
3741  5.79013
3751  7.09287
3761  5.32662
3771  4.39611
3781  6.17759
3791  7.56492
3801  7.3517
3811  8.11917
3821  4.8892
3831  3.33161
3841  4.45441
3851  5.731
3861  3.26874
3871  7.96132
3881  3.56332
3891  5.76847
3901  5.95764
3911  7.54758
3921  6.20107
3931  3.73122
3941  1.50482
3951  2.87883
3961  8.44262
3971  6.18733
3981  7.08644
3991  3.35151
4001  11.2691
4011  6.2796
4021  2.14203
4031  2.87312
4041  13.8547
4051  2.23198
4061  1.65692
4071  3.46074
4081  3.83237
4091  2.58746
4101  6.23031
4111  9.59279
4121  5.06109
4131  3.87458
4141  3.7942
4151  2.08685
4161  6.35837
4171  2.19335
4181  5.27133
4191  5.41685
4201  5.21248
4211  3.64634
4221  6.56782
4231  9.71869
4241  7.83285
4251  3.99256
4261  4.65515
4271  9.50447
4281  4.44257
4291  1.69457
4301  5.8152
4311  5.58876
4321  3.1767
4331  6.2386
4341  4.86271
4351  5.2766
4361  4.07589
4371  3.05577
4381  3.37409
4391  3.66523
4401  8.94049
4411  6.80624
4421  3.53881
4431  5.33776
4441  6.61117
4451  2.60977
4461  5.95658
4471  9.20065
4481  8.00532
4491  4.72388
4501  2.60109
4511  4.46478
4521  6.37233
4531  11.0486
4541  10.3443
4551  2.7582
4561  6.70423
4571  8.27211
4581  10.3528
4591  3.54528
4601  4.25629
4611  6.0403
4621  1.87715
4631  5.17308
4641  6.48878
4651  6.19785
4661  2.6059
4671  2.08956
4681  3.65606
4691  1.93925
4701  4.912
4711  4.67401
4721  2.26736
4731  2.71266
4741  3.26874
4751  3.69409
4761  5.89429
4771  5.57807
4781  4.42969
4791  5.70717
4801  5.86761
4811  3.08262
4821  3.08583
4831  8.83003
4841  3.8768
4851  3.21802
4861  6.22508
4871  6.15952
4881  2.81581
4891  8.41208
4901  1.2837
4911  4.75744
4921  5.96965
4931  4.35958
4941  5.79222
4951  5.2927
4961  3.27799
4971  5.31108
4981  3.50784
4991  4.7411
5001  5.18105
5011  7.34314
5021  3.4553
5031  4.69482
5041  5.19043
5051  4.94366
5061  3.50628
5071  4.49153
5081  0.748838
5091  2.28083
5101  5.88213
5111  13.0867
5121  2.5757
5131  4.75621
5141  5.86449
5151  3.9013
5161  5.97972
5171  6.70542
5181  4.80274
5191  5.4162
5201  3.61545
5211  3.90919
5221  7.25853
5231  5.91533
5241  3.93696
5251  5.64646
5261  2.54108
5271  5.52879
5281  4.46739
5291  8.36146
5301  3.68669
5311  5.40692
5321  6.08767
5331  4.75606
5341  6.66977
5351  4.34465
5361  1.99794
5371  2.50235
5381  7.83935
5391  4.34104
5401  5.02261
5411  2.64878
5421  12.664
5431  5.29635
5441  2.94904
5451  4.35367
5461  2.52391
5471  9.63339
5481  4.37653
5491  4.45141
5501  6.54193
5511  6.37762
5521  5.00909
5531  2.78381
5541  8.1007
5551  5.6033
5561  2.12082
5571  3.27621
5581  2.93828
5591  3.33987
5601  3.6159
5611  3.37423
5621  4.98467
5631  6.26349
5641  5.91879
5651  6.66064
5661  8.85874
5671  6.02042
5681  1.98762
5691  1.29522
5701  2.88677
5711  2.97585
5721  3.22119
5731  6.0904
5741  2.98006
5751  1.96038
5761  3.99174
5771  7.53717
5781  2.84411
5791  8.83291
5801  3.87906
5811  10.3531
5821  7.87122
5831  1.55383
5841  4.3476
5851  4.9897
5861  3.98801
5871  6.89843
5881  2.4942
5891  5.72328
5901  6.85807
5911  4.14745
5921  4.71001
5931  7.70094
5941  5.5467
5951  5.03425
5961  3.83434
5971  8.05915
5981  5.00031
5991  3.85056
6001  3.40325
6011  1.08297
6021  2.97404
6031  4.12787
6041  1.27922
6051  5.88999
6061  8.96514
6071  2.829
6081  8.93149
6091  3.96254
6101  9.27668
6111  4.89269
6121  4.47452
6131  4.61657
6141  5.42727
6151  3.96106
6161  2.6562
6171  2.1715
6181  3.81943
6191  8.67976
6201  4.70813
6211  2.79575
6221  7.26684
6231  2.53778
6241  2.38683
6251  3.93118
6261  4.68877
6271  5.42437
6281  4.43282
6291  10.0521
6301  1.38991
6311  2.01646
6321  2.55641
6331  9.92746
6341  3.98311
6351  6.83774
6361  8.02594
6371  6.58962
6381  5.74917
6391  4.53451
6401  5.63278
6411  6.23095
6421  5.72826
6431  3.30275
6441  6.16624
6451  8.58409
6461  3.34513
6471  1.9681
6481  7.12602
6491  7.11903
6501  4.72066
6511  5.72498
6521  4.46252
6531  3.69327
6541  4.1186
6551  2.25951
6561  7.06209
6571  4.58582
6581  5.62318
6591  5.19545
6601  4.39134
6611  1.67199
6621  6.97749
6631  2.30966
6641  4.62472
6651  9.60376
6661  10.0125
6671  5.85732
6681  2.27569
6691  5.33639
6701  4.72224
6711  6.25406
6721  2.47885
6731  1.8421
6741  5.06067
6751  2.47112
6761  4.31464
6771  6.27725
6781  4.77069
6791  2.91067
6801  2.66536
6811  5.37361
6821  3.42533
6831  3.62687
6841  4.68954
6851  3.51621
6861  2.66954
6871  0.835589
6881  5.38706
6891  6.29409
6901  7.59661
6911  7.0833
6921  0.810718
6931  2.75297
6941  5.42718
6951  3.55278
6961  7.01963
6971  2.4291
6981  3.95212
6991  4.37215
7001  6.56804
7011  3.6947
7021  2.82568
7031  4.67381
7041  6.88555
7051  7.48819
7061  3.96053
7071  5.22131
7081  5.38463
7091  2.86568
7101  4.37292
7111  3.27503
7121  7.50461
7131  5.69447
7141  11.3557
7151  9.32821
7161  6.59637
7171  7.43907
7181  5.77474
7191  7.95408
7201  4.81506
7211  4.20495
7221  2.70052
7231  8.75012
7241  5.05102
7251  5.9773
7261  2.99284
7271  6.81789
7281  5.37717
7291  3.02668
7301  7.33549
7311  8.16328
7321  0.492499
7331  3.81516
7341  2.6514
7351  8.07817
7361  5.58508
7371  1.27577
7381  4.03825
7391  10.1032
7401  3.2823
7411  6.60325
7421  5.47598
7431  1.45682
7441  7.37205
7451  5.22563
7461  1.56508
7471  7.0696
7481  6.35318
7491  16.8775
7501  8.60922
7511  5.54608
7521  8.20263
7531  2.6787
7541  4.1666
7551  8.61837
7561  8.9109
7571  3.45007
7581  6.05279
7591  2.66888
7601  2.55752
7611  6.08769
7621  5.99442
7631  2.92092
7641  7.74783
7651  6.32301
7661  9.77968
7671  2.15887
7681  3.79031
7691  5.19156
7701  2.91266
7711  5.39169
7721  3.38971
7731  5.6783
7741  6.21027
7751  4.85017
7761  7.94657
7771  5.55503
7781  3.74567
7791  5.73137
7801  3.28139
7811  6.0789
7821  6.7248
7831  3.79885
7841  1.64312
7851  10.4603
7861  5.4656
7871  7.26489
7881  5.7695
7891  3.15379
7901  2.10861
7911  2.87286
7921  5.19304
7931  2.2797
7941  9.63149
7951  1.74585
7961  4.18397
7971  7.30594
7981  1.99942
7991  3.82254
8001  2.8907
8011  1.89237
8021  9.24656
8031  6.78845
8041  5.60069
8051  3.05419
8061  4.8881
8071  6.22631
8081  3.34004
8091  4.57324
8101  4.28141
8111  5.23974
8121  8.90683
8131  6.41145
8141  15.411
8151  3.25969
8161  2.89901
8171  4.00135
8181  5.26164
8191  4.56619
8201  5.52462
8211  4.96525
8221  3.30997
8231  3.87895
8241  4.32885
8251  1.9329
8261  1.94453
8271  5.59864
8281  5.32231
8291  3.67354
8301  3.27259
8311  5.10175
8321  3.96852
8331  6.07532
8341  4.75756
8351  2.35527
8361  5.03303
8371  4.80039
8381  3.67906
8391  5.25372
8401  7.91747
8411  5.04568
8421  5.48169
8431  3.85365
8441  3.77482
8451  4.44148
8461  2.90214
8471  3.13054
8481  6.88258
8491  4.96804
8501  6.66945
8511  2.9082
8521  2.94548
8531  4.43937
8541  6.86776
8551  3.80715
8561  4.66552
8571  5.05485
8581  2.89259
8591  4.76164
8601  7.78092
8611  3.67346
8621  7.34454
8631  2.73121
8641  4.74839
8651  6.21592
8661  8.11251
8671  5.36013
8681  4.02265
8691  1.05587
8701  4.56846
8711  2.94112
8721  3.91192
8731  4.645
8741  4.4436
8751  3.09568
8761  5.56353
8771  5.8827
8781  5.64476
8791  6.43927
8801  4.45628
8811  3.63242
8821  3.08897
8831  1.95314
8841  9.18633
8851  3.75306
8861  2.10576
8871  3.84654
8881  8.15518
8891  2.81665
8901  5.57148
8911  2.97806
8921  6.95402
8931  2.92869
8941  5.08473
8951  8.32421
8961  8.89388
8971  3.34348
8981  6.44424
8991  5.13979
9001  3.33301
9011  2.15944
9021  4.08425
9031  9.97956
9041  7.55259
9051  1.34479
9061  3.92576
9071  4.62827
9081  6.01203
9091  4.87797
9101  1.38829
9111  6.15686
9121  3.16369
9131  8.79365
9141  3.07341
9151  3.25907
9161  4.42866
9171  4.40422
9181  3.89511
9191  4.83579
9201  6.66613
9211  1.66295
9221  2.07206
9231  8.14013
9241  4.96336
9251  7.22117
9261  4.97136
9271  6.38141
9281  4.82161
9291  7.49774
9301  2.60504
9311  7.78602
9321  4.0281
9331  4.90842
9341  3.27042
9351  6.75838
9361  8.27908
9371  4.8557
9381  4.57399
9391  8.90191
9401  5.8188
9411  4.55623
9421  2.70542
9431  9.85387
9441  2.61093
9451  4.16864
9461  1.61952
9471  8.39357
9481  10.0248
9491  11.4018
9501  3.18159
9511  9.88374
9521  6.45019
9531  9.36112
9541  9.36893
9551  2.04867
9561  7.35288
9571  3.30723
9581  4.4534
9591  2.66547
9601  5.34049
9611  8.30201
9621  3.59878
9631  4.21264
9641  6.63165
9651  3.539
9661  3.23239
9671  3.1209
9681  9.18873
9691  2.94732
9701  3.24997
9711  3.10435
9721  5.25931
9731  4.56778
9741  7.03022
9751  4.27553
9761  0.622487
9771  7.10445
9781  3.39456
9791  3.07151
9801  5.25046
9811  3.8131
9821  4.23257
9831  3.46453
9841  4.86054
9851  2.69103
9861  5.74622
9871  5.13369
9881  4.20461
9891  6.15667
9901  5.53461
9911  6.48562
9921  3.30868
9931  6.41089
9941  8.95174
9951  4.51411
9961  4.14389
9971  4.49737
9981  3.45499
9991  5.01034
10001  6.53176
10011  3.96217
10021  2.64322
10031  4.04494
10041  6.07832
10051  11.3457
10061  6.21072
10071  2.44758
10081  5.71392
10091  4.72587
10101  1.6006
10111  6.0079
10121  4.24876
10131  4.77258
10141  3.91472
10151  9.17452
10161  3.00022
10171  3.14917
10181  2.15966
10191  2.3844
10201  8.70781
10211  8.25184
10221  5.38595
10231  6.27661
10241  7.02523
10251  2.81939
10261  5.06082
10271  3.39957
10281  3.35749
10291  6.94737
10301  2.1608
10311  6.30462
10321  5.84192
10331  2.73529
10341  6.2777
10351  4.9782
10361  4.06662
10371  3.5297
10381  6.01384
10391  3.99792
10401  5.01039
10411  3.52091
10421  5.71702
10431  7.96056
10441  3.85639
10451  3.89797
10461  3.52723
10471  4.83514
10481  2.75017
10491  4.66998
10501  5.60219
10511  4.87317
10521  4.98435
10531  2.7099
10541  8.14309
10551  4.03954
10561  5.63355
10571  2.15676
10581  6.43855
10591  2.79076
10601  0.903681
10611  3.48471
10621  2.3725
10631  8.399
10641  6.70466
10651  4.97068
10661  4.64021
10671  6.37154
10681  3.44168
10691  5.68369
10701  3.95643
10711  6.12208
10721  4.42251
10731  2.87453
10741  12.9622
10751  5.09087
10761  4.34663
10771  5.31525
10781  4.3168
10791  1.66545
10801  6.51363
10811  3.70295
10821  3.21677
10831  4.12176
10841  5.50548
10851  3.99164
10861  2.95206
10871  6.37019
10881  2.89304
10891  2.84122
10901  4.24817
10911  8.04651
10921  6.31513
10931  6.14184
10941  6.03628
10951  7.83621
10961  6.26719
10971  1.45076
10981  3.38142
10991  8.68761
