1001  3.14372e+06
1011  3.11488e+06
1021  3.08724e+06
1031  3.05491e+06
1041  3.02971e+06
1051  2.99608e+06
1061  2.9648e+06
1071  2.93001e+06
1081  2.89815e+06
1091  2.85977e+06
1101  2.82397e+06
1111  2.78076e+06
1121  2.75082e+06
1131  2.72561e+06
1141  2.70287e+06
1151  2.66824e+06
1161  2.63631e+06
1171  2.61547e+06
1181  2.58243e+06
1191  2.55085e+06
1201  2.53529e+06
1211  2.51332e+06
1221  2.49095e+06
1231  2.44382e+06
1241  2.41567e+06
1251  2.38195e+06
1261  2.34198e+06
1271  2.30691e+06
1281  2.27055e+06
1291  2.23474e+06
1301  2.19735e+06
1311  2.17629e+06
1321  2.14678e+06
1331  2.11473e+06
1341  2.07362e+06
1351  2.05704e+06
1361  2.00039e+06
1371  1.97482e+06
1381  1.94388e+06
1391  1.91928e+06
1401  1.90663e+06
1411  1.89695e+06
1421  1.88397e+06
1431  1.86022e+06
1441  1.81933e+06
1451  1.7948e+06
1461  1.75549e+06
1471  1.71681e+06
1481  1.68011e+06
1491  1.6541e+06
1501  1.63245e+06
1511  1.60872e+06
1521  1.56715e+06
1531  1.54442e+06
1541  1.52162e+06
1551  1.48676e+06
1561  1.45901e+06
1571  1.43242e+06
1581  1.38796e+06
1591  1.35633e+06
1601  1.3289e+06
1611  1.30385e+06
1621  1.25902e+06
1631  1.2336e+06
1641  1.21244e+06
1651  1.18696e+06
1661  1.15771e+06
1671  1.13264e+06
1681  1.11274e+06
1691  1.09485e+06
1701  1.0673e+06
1711  1.02339e+06
1721  1.00242e+06
1731  958762
1741  930873
1751  902414
1761  860698
1771  841814
1781  812178
1791  787993
1801  757059
1811  726688
1821  696207
1831  662945
1841  640403
1851  620164
1861  575619
1871  544047
1881  501891
1891  453355
1901  412425
1911  391162
1921  358232
1931  326928
1941  292914
1951  255005
1961  231575
1971  196610
1981  178944
1991  159743
2001  123705
2011  90576.4
2021  67904.4
2031  40587.5
2041  17399.5
2051  680.938
2061  4.56331
2071  7.53989
2081  6.23683
2091  7.87065
2101  5.25773
2111  6.3213
2121  3.44399
2131  9.07094
2141  8.07944
2151  4.53519
2161  10.1101
2171  3.67149
2181  2.96971
2191  6.32919
2201  4.5784
2211  2.01277
2221  3.36795
2231  1.55904
2241  3.70291
2251  2.46138
2261  7.09378
2271  2.07257
2281  2.46383
2291  3.40401
2301  6.29517
2311  2.65232
2321  2.87906
2331  7.4454
2341  8.06713
2351  2.48782
2361  7.0974
2371  3.173
2381  5.80218
2391  3.68975
2401  3.47532
2411  4.23025
2421  6.72328
2431  4.75113
2441  2.64438
2451  3.05782
2461  2.30092
2471  4.31049
2481  3.15528
2491  1.59453
2501  3.75575
2511  4.03531
2521  4.03844
2531  2.21893
2541  4.02792
2551  6.71108
2561  4.29528
2571  2.5767
2581  9.9782
2591  1.92718
2601  7.97067
2611  7.57266
2621  4.29262
2631  5.71037
2641  3.02131
2651  6.2103
2661  10.0731
2671  3.55807
2681  4.68925
2691  7.98673
2701  5.73803
2711  5.00922
2721  3.08234
2731  6.34059
2741  2.86705
2751  8.8598
2761  1.87752
2771  3.23559
2781  8.41612
2791  4.47865
2801  2.87856
2811  6.49612
2821  3.55448
2831  4.30411
2841  5.18185
2851  6.75803
2861  4.90784
2871  6.42583
2881  5.35807
2891  11.8643
2901  7.72017
2911  1.01828
2921  3.35421
2931  3.79497
2941  6.11239
2951  6.35457
2961  2.71031
2971  4.41592
2981  8.04288
2991  2.93169
3001  4.79496
3011  3.60315
3021  7.5208
3031  2.79301
3041  5.17249
3051  2.81821
3061  4.23908
3071  4.22032
3081  5.26873
3091  1.21795
3101  6.34568
3111  4.51747
3121  8.26387
3131  3.19252
3141  8.59344
3151  7.87033
3161  4.27353
3171  2.12812
3181  6.31486
3191  4.80916
3201  6.58822
3211  7.50946
3221  3.32644
3231  9.26626
3241  4.28769
3251  4.04606
3261  5.7964
3271  2.11254
3281  6.87648
3291  3.15209
3301  2.84484
3311  4.87802
3321  4.29524
3331  2.67656
3341  5.51802
3351  6.39341
3361  3.27433
3371  1.71934
3381  4.15473
3391  1.69867
3401  5.28692
3411  4.37098
3421  1.71834
3431  5.82474
3441  3.70971
3451  8.59412
3461  3.62892
3471  5.18373
3481  4.90631
3491  1.46118
3501  6.03445
3511  3.04985
3521  6.71614
3531  3.15213
3541  4.83701
3551  5.18513
3561  3.26795
3571  4.80999
3581  4.03404
3591  7.28721
3601  4.18088
3611  3.37173
3621  9.28793
3631  3.13534
3641  6.84054
3651  6.19577
3661  5.26625
3671  4.36239
3681  4.51139
3691  6.33174
3701  2.14374
3711  7.36541
3721  4.24299
3731  9.6877
3741  6.19607
3751  2.41661
3761  3.57805
3771  6.94818
3781  3.6646
3791  3.79057
3801  3.86693
3811  7.07977
3821  4.32192
3831  5.53302
3841  11.6005
3851  6.09627
3861  3.05615
3871  2.75024
3881  4.84534
3891  1.5943
3901  8.98838
3911  2.78866
3921  1.94661
3931  11.7465
3941  2.99752
3951  2.70811
3961  1.67057
3971  5.2297
3981  2.42952
3991  5.3031
4001  4.78737
4011  4.78591
4021  4.81102
4031  6.56237
4041  8.44684
4051  3.61267
4061  3.61469
4071  4.41222
4081  6.59125
4091  1.88158
4101  2.70828
4111  8.01886
4121  5.07288
4131  4.19047
4141  2.71281
4151  3.78317
4161  5.1516
4171  5.11058
4181  7.87649
4191  5.64352
4201  4.83334
4211  7.35666
4221  2.97669
4231  3.30374
4241  6.26725
4251  7.12926
4261  4.29182
4271  12.5595
4281  2.60724
4291  7.64726
4301  4.56484
4311  2.76275
4321  3.00699
4331  6.75522
4341  4.11647
4351  8.13743
4361  4.07066
4371  3.83225
4381  3.07724
4391  2.23959
4401  4.46313
4411  4.45269
4421  4.509
4431  2.92432
4441  10.4554
4451  3.48231
4461  1.65325
4471  3.48086
4481  2.46797
4491  6.18338
4501  3.50508
4511  4.66727
4521  2.50262
4531  2.97999
4541  5.69264
4551  1.85598
4561  1.20237
4571  4.34302
4581  6.9213
4591  3.97764
4601  6.07384
4611  7.87657
4621  3.12097
4631  8.4335
4641  2.79354
4651  5.46031
4661  1.6947
4671  7.03494
4681  8.06773
4691  8.67449
4701  6.29196
4711  6.96932
4721  3.53721
4731  2.84941
4741  7.46802
4751  2.47354
4761  13.723
4771  3.23596
4781  2.97044
4791  3.58633
4801  5.50925
4811  2.66992
4821  7.55466
4831  3.15156
4841  6.0366
4851  7.33678
4861  5.00424
4871  8.17061
4881  3.10055
4891  4.3763
4901  2.53408
4911  6.44684
4921  11.7846
4931  4.84082
4941  10.8303
4951  3.68125
4961  3.26127
4971  3.61281
4981  8.90369
4991  1.89197
5001  8.54409
5011  8.56097
5021  2.65135
5031  6.87654
5041  5.38173
5051  18.9809
5061  4.71456
5071  4.73137
5081  5.72558
5091  2.19788
5101  4.2964
5111  5.34195
5121  1.14941
5131  7.51017
5141  4.84695
5151  5.44761
5161  3.01342
5171  4.11214
5181  3.13051
5191  3.65244
5201  2.77938
5211  6.17727
5221  2.11357
5231  5.35221
5241  8.92798
5251  3.69418
5261  2.24642
5271  4.79504
5281  4.75379
5291  8.20136
5301  3.64391
5311  5.91724
5321  9.29336
5331  1.29418
5341  5.18827
5351  3.11894
5361  6.16218
5371  6.31644
5381  5.89172
5391  5.02623
5401  3.84673
5411  4.91007
5421  2.0518
5431  3.99603
5441  3.79824
5451  8.87407
5461  2.83278
5471  4.74075
5481  4.47327
5491  3.21149
5501  1.78746
5511  2.74301
5521  8.37446
5531  5.15532
5541  6.16736
5551  2.93674
5561  10.5874
5571  4.35725
5581  8.10399
5591  7.6945
5601  4.77487
5611  3.16543
5621  2.53373
5631  5.67257
5641  9.30505
5651  6.76018
5661  6.25236
5671  5.59925
5681  6.54757
5691  6.54404
5701  12.8656
5711  4.49214
5721  2.0588
5731  3.31286
5741  5.68785
5751  3.17864
5761  2.75649
5771  4.10763
5781  7.50257
5791  2.92869
5801  6.8423
5811  8.79576
5821  3.03929
5831  4.76733
5841  6.19116
5851  2.64547
5861  2.78446
5871  3.89326
5881  8.53587
5891  3.92246
5901  3.90932
5911  6.37804
5921  4.48258
5931  7.09747
5941  4.49013
5951  6.05613
5961  4.69291
5971  6.60477
5981  5.0652
5991  5.97631
6001  2.80357
6011  8.20108
6021  5.66282
6031  3.62192
6041  2.42634
6051  4.12966
6061  2.48449
6071  5.29882
6081  7.33846
6091  4.14917
6101  5.78321
6111  3.12495
6121  4.62104
6131  4.40761
6141  6.33198
6151  3.95036
6161  6.20908
6171  2.53048
6181  5.34286
6191  5.58928
6201  2.70538
6211  9.22414
6221  5.15554
6231  4.56043
6241  4.27782
6251  2.70811
6261  4.75532
6271  4.40215
6281  4.68813
6291  5.51061
6301  6.91772
6311  3.2969
6321  5.07876
6331  3.61573
6341  3.78818
6351  7.91069
6361  10.7298
6371  3.7874
6381  3.86229
6391  5.0298
6401  5.81768
6411  6.92087
6421  6.47989
6431  7.49363
6441  4.0145
6451  5.71299
6461  3.32705
6471  5.45704
6481  1.48491
6491  2.49092
6501  3.92708
6511  6.86901
6521  5.73969
6531  5.39842
6541  5.0653
6551  5.71709
6561  5.54205
6571  4.36372
6581  4.84433
6591  2.72366
6601  3.85355
6611  8.06646
6621  6.34825
6631  3.81871
6641  5.55335
6651  9.07506
6661  4.36836
6671  7.73943
6681  3.96914
6691  5.16385
6701  4.13849
6711  3.85421
6721  6.19284
6731  4.53729
6741  11.3789
6751  4.06257
6761  5.24475
6771  4.1772
6781  9.82732
6791  4.6745
6801  4.74822
6811  8.7409
6821  3.09911
6831  4.6892
6841  2.17554
6851  6.34717
6861  4.39643
6871  3.32734
6881  6.3529
6891  2.68193
6901  5.37355
6911  3.20669
6921  2.5978
6931  4.07507
6941  3.92816
6951  7.37086
6961  4.45888
6971  10.6458
6981  2.11716
6991  5.94029
7001  3.94749
7011  5.34404
7021  7.51363
7031  8.86433
7041  7.94735
7051  2.80154
7061  5.06943
7071  3.51833
7081  6.81844
7091  1.52806
7101  2.8879
7111  5.43845
7121  4.0406
7131  3.11006
7141  0.920668
7151  2.50386
7161  4.9614
7171  2.55331
7181  5.3756
7191  4.79291
7201  4.72778
7211  2.97641
7221  1.20376
7231  4.48349
7241  4.71632
7251  11.088
7261  1.214
7271  6.79117
7281  7.88958
7291  3.62521
7301  11.5869
7311  3.87059
7321  5.25254
7331  6.33489
7341  7.05734
7351  7.10216
7361  3.14325
7371  11.4958
7381  3.63149
7391  4.48945
7401  5.62721
7411  3.47313
7421  6.15429
7431  2.84542
7441  5.70206
7451  4.81749
7461  9.51706
7471  8.26754
7481  5.22999
7491  4.7732
7501  3.49397
7511  4.88216
7521  3.01387
7531  3.11577
7541  6.02442
7551  3.94806
7561  4.05712
7571  11.2953
7581  8.61406
7591  8.42318
7601  4.54826
7611  3.30456
7621  2.24116
7631  6.41254
7641  2.05292
7651  3.73425
7661  1.78272
7671  3.02849
7681  2.80562
7691  5.0066
7701  11.1249
7711  5.97022
7721  4.82293
7731  7.85683
7741  6.50049
7751  2.40711
7761  4.72723
7771  2.19338
7781  6.31574
7791  0.873178
7801  7.27812
7811  3.7806
7821  6.851
7831  2.04938
7841  4.15114
7851  9.72877
7861  3.1982
7871  5.34874
7881  6.2657
7891  10.5348
7901  2.93981
7911  8.47705
7921  5.04831
7931  6.51339
7941  1.72634
7951  2.88036
7961  4.11138
7971  5.08722
7981  4.10279
7991  3.18
8001  10.7232
8011  6.59443
8021  11.1003
8031  3.19909
8041  3.00873
8051  4.56975
8061  6.04915
8071  3.91056
8081  11.8279
8091  10.0528
8101  5.39063
8111  2.90091
8121  3.61637
8131  4.90682
8141  6.02692
8151  5.6288
8161  2.49214
8171  2.04919
8181  5.13048
8191  2.11602
8201  6.17514
8211  5.52372
8221  4.47315
8231  7.54031
8241  2.89094
8251  3.58695
8261  2.87963
8271  2.32087
8281  4.60635
8291  4.97617
8301  4.05022
8311  3.34923
8321  4.60648
8331  0.656723
8341  6.61518
8351  6.81607
8361  4.69148
8371  3.79247
8381  7.78039
8391  5.59148
8401  5.10091
8411  3.90986
8421  10.1692
8431  5.67093
8441  8.54186
8451  6.78231
8461  3.31153
8471  2.83936
8481  4.53235
8491  3.94517
8501  5.04354
8511  3.94417
8521  7.32215
8531  2.10732
8541  5.24606
8551  4.76655
8561  8.65793
8571  7.94255
8581  3.6886
8591  3.73173
8601  5.97866
8611  2.24725
8621  4.94011
8631  2.97687
8641  6.24158
8651  6.46885
8661  4.89465
8671  2.92983
8681  5.66453
8691  4.50316
8701  2.98938
8711  5.68725
8721  3.92308
8731  6.06899
8741  6.99163
8751  6.81406
8761  6.27934
8771  2.82866
8781  2.03402
8791  2.77909
8801  2.56544
8811  6.24353
8821  5.64327
8831  6.66124
8841  4.64009
8851  9.24398
8861  5.05594
8871  3.43639
8881  3.6022
8891  7.82196
8901  4.33116
8911  1.81971
8921  4.30244
8931  3.45175
8941  3.92309
8951  6.90415
8961  5.11209
8971  4.67772
8981  6.93099
8991  3.19164
9001  7.16372
9011  4.86199
9021  2.25389
9031  6.7721
9041  1.11564
9051  1.8065
9061  6.5307
9071  6.24861
9081  2.30619
9091  6.29864
9101  2.12666
9111  3.59997
9121  2.80554
9131  10.8546
9141  2.24897
9151  6.78799
9161  5.24191
9171  9.79071
9181  6.0568
9191  6.82676
9201  5.77223
9211  3.14882
9221  1.7369
9231  9.78781
9241  8.24789
9251  0.997961
9261  1.62626
9271  3.34418
9281  3.78694
9291  2.55336
9301  6.17734
9311  4.13696
9321  5.67521
9331  3.23974
9341  7.40999
9351  7.22824
9361  3.25989
9371  2.88654
9381  2.62284
9391  6.32889
9401  2.94292
9411  2.56428
9421  4.80929
9431  6.76274
9441  8.51973
9451  4.86833
9461  7.36182
9471  3.64264
9481  5.9009
9491  2.52514
9501  9.90988
9511  5.32742
9521  6.59842
9531  3.26554
9541  3.90504
9551  1.91942
9561  2.56257
9571  4.07317
9581  3.93843
9591  6.04219
9601  4.71906
9611  4.17844
9621  8.48075
9631  3.0816
9641  8.26622
9651  1.81878
9661  4.24548
9671  2.90203
9681  2.53822
9691  6.8194
9701  5.03674
9711  2.58055
9721  2.991
9731  7.82981
9741  1.42379
9751  2.43968
9761  5.58652
9771  4.9107
9781  4.64458
9791  8.19791
9801  2.37972
9811  7.13616
9821  4.08006
9831  5.7763
9841  6.62588
9851  4.08281
9861  3.73658
9871  8.98828
9881  6.84067
9891  8.23371
9901  8.35269
9911  3.97375
9921  6.46237
9931  7.87093
9941  4.91484
9951  6.39416
9961  7.08533
9971  1.76835
9981  2.43216
9991  2.44584
10001  11.5524
10011  2.63957
10021  6.36521
10031  7.91832
10041  2.48399
10051  1.83543
10061  3.32148
10071  5.88286
10081  4.51287
10091  5.81154
10101  4.88676
10111  6.22884
10121  4.2694
10131  5.22678
10141  9.26755
10151  1.73058
10161  5.69749
10171  3.06134
10181  4.04286
10191  4.7518
10201  5.28011
10211  2.23805
10221  6.25019
10231  5.09402
10241  3.95691
10251  7.54542
10261  5.25364
10271  3.49671
10281  5.76762
10291  10.7011
10301  9.7775
10311  5.23763
10321  12.3018
10331  4.59605
10341  4.98276
10351  4.27109
10361  6.01105
10371  3.7744
10381  3.43827
10391  6.39339
10401  7.10567
10411  7.17022
10421  2.24881
10431  3.67458
10441  4.34261
10451  10.4966
10461  5.13018
10471  10.9861
10481  4.83149
10491  5.89356
10501  8.37614
10511  6.34241
10521  4.31388
10531  6.56038
10541  4.09681
10551  6.56891
10561  10.6727
10571  2.76611
10581  6.73426
10591  4.3175
10601  8.79653
10611  3.49702
10621  7.99765
10631  2.18147
10641  5.60572
10651  3.07878
10661  6.5984
10671  2.79715
10681  3.41132
10691  3.73107
10701  3.43738
10711  4.662
10721  3.14724
10731  1.93614
10741  6.45555
10751  6.94453
10761  4.28585
10771  5.81037
10781  3.92009
10791  4.76061
10801  7.92928
10811  3.58153
10821  4.22665
10831  4.48115
10841  7.99519
10851  11.7824
10861  7.61223
10871  3.3916
10881  3.99427
10891  10.6369
10901  4.86602
10911  4.47512
10921  3.88936
10931  9.76248
10941  9.20726
10951  6.73939
10961  3.07283
10971  7.8963
10981  1.78532
10991  6.43865
