1001  2.8722e+06
1011  2.82457e+06
1021  2.78751e+06
1031  2.74141e+06
1041  2.71721e+06
1051  2.68815e+06
1061  2.66522e+06
1071  2.63462e+06
1081  2.59974e+06
1091  2.56623e+06
1101  2.54129e+06
1111  2.49719e+06
1121  2.45507e+06
1131  2.44397e+06
1141  2.42702e+06
1151  2.39279e+06
1161  2.37078e+06
1171  2.33119e+06
1181  2.29042e+06
1191  2.2453e+06
1201  2.20826e+06
1211  2.16938e+06
1221  2.14003e+06
1231  2.11409e+06
1241  2.07955e+06
1251  2.03782e+06
1261  2.00731e+06
1271  1.97425e+06
1281  1.94686e+06
1291  1.90634e+06
1301  1.86172e+06
1311  1.82433e+06
1321  1.79492e+06
1331  1.76999e+06
1341  1.73535e+06
1351  1.7228e+06
1361  1.68265e+06
1371  1.65367e+06
1381  1.61134e+06
1391  1.57146e+06
1401  1.54778e+06
1411  1.50782e+06
1421  1.47553e+06
1431  1.42943e+06
1441  1.38885e+06
1451  1.33386e+06
1461  1.31062e+06
1471  1.26739e+06
1481  1.25236e+06
1491  1.22682e+06
1501  1.18732e+06
1511  1.14177e+06
1521  1.09449e+06
1531  1.05653e+06
1541  1.02768e+06
1551  989702
1561  961616
1571  914826
1581  878396
1591  839944
1601  812962
1611  794112
1621  762587
1631  727223
1641  688798
1651  655767
1661  636372
1671  593411
1681  552769
1691  506610
1701  472237
1711  439504
1721  399247
1731  359341
1741  312404
1751  273461
1761  229202
1771  194150
1781  144752
1791  95111.5
1801  60029.6
1811  43138.1
1821  7450.86
1831  47.6016
1841  2.80997
1851  2.60798
1861  8.16902
1871  4.28114
1881  4.75624
1891  3.05597
1901  5.79775
1911  4.72461
1921  8.04434
1931  7.51084
1941  8.09603
1951  8.43325
1961  4.89668
1971  7.25248
1981  9.68788
1991  5.3791
2001  5.79079
2011  3.76007
2021  3.05266
2031  5.13904
2041  4.70364
2051  7.69301
2061  4.70834
2071  2.31525
2081  8.13667
2091  5.87051
2101  5.38455
2111  5.02395
2121  4.26809
2131  2.88999
2141  9.20179
2151  6.22175
2161  1.19401
2171  4.70916
2181  4.32575
2191  4.772
2201  4.6138
2211  5.2331
2221  6.38564
2231  4.73027
2241  2.66615
2251  4.55436
2261  4.8335
2271  7.38227
2281  3.32698
2291  9.04052
2301  5.99566
2311  6.07376
2321  5.49297
2331  7.06148
2341  5.55635
2351  7.0238
2361  3.55309
2371  3.54369
2381  3.17026
2391  7.13549
2401  1.72551
2411  3.01265
2421  6.72376
2431  3.6231
2441  7.55557
2451  8.60872
2461  3.61334
2471  5.00523
2481  3.03483
2491  3.98987
2501  3.2038
2511  4.35026
2521  2.598
2531  5.74105
2541  5.79086
2551  9.08187
2561  9.2909
2571  6.03768
2581  7.4123
2591  3.56147
2601  1.80156
2611  7.74369
2621  3.67136
2631  2.29536
2641  5.24091
2651  4.46806
2661  4.00834
2671  3.05747
2681  2.64886
2691  3.10068
2701  2.24726
2711  3.30962
2721  8.23166
2731  5.07123
2741  6.14439
2751  6.67784
2761  2.68208
2771  6.24741
2781  0.914555
2791  7.51414
2801  2.84551
2811  3.92995
2821  3.20947
2831  2.73302
2841  3.36972
2851  4.66593
2861  3.92023
2871  6.97498
2881  4.37439
2891  3.78809
2901  4.70802
2911  5.09484
2921  2.36008
2931  5.83672
2941  8.02466
2951  3.72718
2961  5.09467
2971  7.6913
2981  3.88215
2991  5.64098
3001  6.2708
3011  3.47674
3021  6.91296
3031  2.90742
3041  3.95309
3051  3.43856
3061  3.47926
3071  6.57313
3081  4.81649
3091  5.27944
3101  6.1562
3111  3.31201
3121  4.56942
3131  3.83712
3141  5.28075
3151  4.16162
3161  4.68771
3171  7.9021
3181  2.32853
3191  6.10164
3201  2.25232
3211  3.46826
3221  3.30532
3231  9.00748
3241  8.50068
3251  6.4304
3261  2.41365
3271  8.0211
3281  4.53041
3291  10.4162
3301  6.70749
3311  2.73966
3321  7.34776
3331  2.00224
3341  2.78465
3351  5.91181
3361  7.64418
3371  3.01552
3381  3.40977
3391  4.14035
3401  4.02357
3411  4.9367
3421  3.22653
3431  5.41806
3441  3.6159
3451  2.81366
3461  3.63732
3471  7.26708
3481  14.8269
3491  7.25979
3501  4.29774
3511  3.13996
3521  1.80267
3531  4.53754
3541  3.62283
3551  2.54468
3561  7.98242
3571  8.31216
3581  6.56313
3591  9.91343
3601  3.59528
3611  2.79613
3621  4.97553
3631  8.47347
3641  4.47043
3651  6.22375
3661  6.11411
3671  3.28331
3681  6.81127
3691  5.98606
3701  3.55277
3711  3.5297
3721  8.28694
3731  2.38795
3741  5.4882
3751  8.94975
3761  8.96589
3771  1.45661
3781  3.73779
3791  7.14885
3801  3.43889
3811  2.50171
3821  4.71623
3831  2.98293
3841  4.24575
3851  3.97571
3861  5.49379
3871  1.68741
3881  5.49635
3891  5.26704
3901  1.58512
3911  11.6176
3921  6.64508
3931  0.795197
3941  5.26618
3951  8.47783
3961  7.57327
3971  3.05057
3981  3.1456
3991  4.51881
4001  4.69587
4011  7.00158
4021  3.46703
4031  5.20701
4041  4.31275
4051  3.21457
4061  1.89756
4071  6.20231
4081  7.25992
4091  7.04202
4101  12.4657
4111  5.56653
4121  7.05191
4131  4.59209
4141  6.59107
4151  3.54438
4161  5.44163
4171  3.68333
4181  2.10991
4191  4.41334
4201  6.14508
4211  4.08873
4221  5.06703
4231  6.78072
4241  4.24138
4251  3.65007
4261  3.37476
4271  3.67275
4281  2.86732
4291  1.87688
4301  6.03377
4311  5.0285
4321  4.53965
4331  2.59013
4341  3.84673
4351  5.58699
4361  3.54998
4371  2.2808
4381  2.18876
4391  7.28037
4401  6.2456
4411  5.57786
4421  1.98225
4431  2.02812
4441  6.57228
4451  5.51207
4461  1.20541
4471  6.16469
4481  3.46737
4491  1.87991
4501  3.46122
4511  2.32944
4521  6.14516
4531  3.79244
4541  5.88213
4551  10.2034
4561  3.09526
4571  8.41756
4581  4.96228
4591  1.10155
4601  2.41382
4611  6.54256
4621  5.70864
4631  6.13833
4641  4.38214
4651  4.74398
4661  4.57782
4671  5.72105
4681  2.90245
4691  4.04349
4701  4.61662
4711  6.9433
4721  5.56612
4731  3.66231
4741  0.788825
4751  5.7976
4761  3.64984
4771  3.44812
4781  5.73271
4791  2.8897
4801  4.98846
4811  7.75104
4821  4.26663
4831  10.8751
4841  6.21272
4851  5.95824
4861  6.17404
4871  3.52585
4881  2.90909
4891  5.44292
4901  6.39464
4911  5.52023
4921  9.79572
4931  2.10674
4941  2.93847
4951  3.97491
4961  11.7153
4971  5.92641
4981  3.93255
4991  9.70182
5001  9.86432
5011  10.608
5021  6.7685
5031  6.00161
5041  5.64627
5051  3.04289
5061  3.18613
5071  8.52421
5081  8.60092
5091  2.99224
5101  5.2748
5111  6.62273
5121  9.57544
5131  8.27007
5141  10.1379
5151  9.0301
5161  3.06491
5171  4.05517
5181  5.25358
5191  3.67558
5201  3.09537
5211  4.86704
5221  2.45929
5231  7.30134
5241  2.18207
5251  3.40808
5261  4.24143
5271  6.96309
5281  4.47797
5291  5.61343
5301  3.17725
5311  4.17895
5321  7.3854
5331  5.09548
5341  3.20346
5351  4.3618
5361  5.7105
5371  10.0796
5381  2.77951
5391  3.29807
5401  2.60894
5411  4.61336
5421  3.03804
5431  5.78311
5441  4.97485
5451  4.50602
5461  4.51738
5471  2.83997
5481  4.17172
5491  4.14487
5501  1.68
5511  5.45791
5521  5.04404
5531  5.07672
5541  6.3823
5551  4.37358
5561  5.47884
5571  4.48067
5581  1.91991
5591  4.31909
5601  2.90873
5611  9.07196
5621  7.77603
5631  3.59485
5641  4.33958
5651  6.04328
5661  1.96373
5671  3.0534
5681  6.23585
5691  1.98592
5701  5.91297
5711  7.06726
5721  4.17978
5731  2.31443
5741  6.3673
5751  12.7016
5761  3.41334
5771  7.71542
5781  4.569
5791  3.19424
5801  7.31668
5811  3.06206
5821  7.36451
5831  8.98449
5841  7.99079
5851  4.79678
5861  3.05169
5871  8.01805
5881  5.53668
5891  3.52708
5901  4.0995
5911  3.42574
5921  5.51889
5931  2.55114
5941  11.0641
5951  3.39475
5961  3.87084
5971  6.37732
5981  1.9152
5991  3.08923
6001  2.22009
6011  3.40563
6021  9.83699
6031  8.36072
6041  4.49761
6051  2.57717
6061  3.50918
6071  2.33228
6081  9.35119
6091  2.55091
6101  4.69932
6111  4.02976
6121  3.1191
6131  2.17287
6141  8.45568
6151  2.15557
6161  3.42086
6171  4.42009
6181  5.81325
6191  5.36095
6201  2.49487
6211  3.93249
6221  3.84524
6231  2.43328
6241  3.90931
6251  4.40377
6261  3.13922
6271  3.90019
6281  4.72143
6291  3.14908
6301  4.48002
6311  4.36323
6321  3.3827
6331  5.22304
6341  7.42334
6351  7.23076
6361  3.23964
6371  5.23277
6381  4.68504
6391  3.71938
6401  5.85247
6411  8.5112
6421  9.48646
6431  2.97621
6441  4.68594
6451  5.7114
6461  4.46064
6471  5.87293
6481  6.06921
6491  5.57479
6501  5.01944
6511  2.31486
6521  8.33194
6531  5.51755
6541  3.20225
6551  9.4215
6561  4.05452
6571  7.36571
6581  8.00884
6591  5.43027
6601  4.42357
6611  2.58957
6621  5.98802
6631  7.80553
6641  9.33418
6651  8.02597
6661  6.23018
6671  1.98932
6681  6.32315
6691  2.2213
6701  5.48522
6711  9.01752
6721  4.16737
6731  9.67415
6741  4.5746
6751  4.87786
6761  4.74432
6771  3.48966
6781  8.25315
6791  5.39978
6801  3.34438
6811  5.0671
6821  4.50865
6831  3.25022
6841  3.47326
6851  6.97182
6861  5.52369
6871  9.20031
6881  4.07164
6891  4.03381
6901  3.51172
6911  6.40179
6921  3.81464
6931  7.37189
6941  8.95674
6951  6.86675
6961  3.04988
6971  6.94126
6981  6.26592
6991  7.03675
7001  4.45136
7011  8.66373
7021  5.17736
7031  2.87624
7041  3.63614
7051  5.9994
7061  2.40334
7071  3.10406
7081  6.6468
7091  6.79059
7101  4.84738
7111  4.10815
7121  6.56171
7131  6.83704
7141  4.5087
7151  9.5969
7161  5.70583
7171  4.20106
7181  3.42086
7191  7.75007
7201  3.23905
7211  7.19521
7221  4.31544
7231  2.76637
7241  4.6686
7251  4.67391
7261  9.86361
7271  3.80641
7281  3.88685
7291  4.53934
7301  6.36457
7311  11.3855
7321  2.85133
7331  4.44705
7341  3.33643
7351  4.91047
7361  7.28095
7371  2.16065
7381  3.50935
7391  5.83993
7401  2.51148
7411  5.79358
7421  3.51296
7431  3.90617
7441  7.74369
7451  0.767676
7461  4.0873
7471  4.42721
7481  3.52203
7491  3.06229
7501  8.52983
7511  5.77642
7521  9.10305
7531  3.50536
7541  5.79784
7551  4.21846
7561  5.98386
7571  2.96841
7581  5.53133
7591  1.44131
7601  4.30894
7611  4.00767
7621  2.53234
7631  5.58729
7641  6.62987
7651  7.54143
7661  4.555
7671  7.9886
7681  2.44082
7691  1.8441
7701  9.62593
7711  4.23713
7721  5.11698
7731  5.89582
7741  5.29617
7751  5.36673
7761  3.54589
7771  9.39198
7781  2.9093
7791  1.54924
7801  2.20393
7811  7.00595
7821  5.82477
7831  6.86237
7841  5.15821
7851  5.12471
7861  3.52377
7871  5.66577
7881  3.43096
7891  5.76454
7901  2.34936
7911  4.03456
7921  4.89744
7931  3.92259
7941  12.2561
7951  6.35829
7961  3.54413
7971  6.878
7981  4.19307
7991  6.49437
8001  5.65246
8011  2.12719
8021  2.61719
8031  2.6869
8041  8.89673
8051  4.33654
8061  3.96724
8071  5.56135
8081  4.67275
8091  3.20567
8101  4.20174
8111  4.83609
8121  4.42411
8131  2.54658
8141  3.80834
8151  3.53111
8161  3.46466
8171  7.00754
8181  5.56646
8191  6.20813
8201  5.09595
8211  5.69372
8221  6.47529
8231  3.93404
8241  3.39665
8251  4.15528
8261  8.02781
8271  3.26757
8281  5.93177
8291  4.34104
8301  6.09936
8311  4.23432
8321  2.65559
8331  7.96904
8341  5.21452
8351  4.05312
8361  3.89029
8371  3.50152
8381  2.40712
8391  8.13578
8401  5.50808
8411  7.25547
8421  6.43019
8431  4.55081
8441  6.35691
8451  4.04837
8461  8.56887
8471  5.69159
8481  7.26126
8491  3.291
8501  3.96323
8511  3.79502
8521  2.68697
8531  6.21588
8541  2.65426
8551  3.75854
8561  2.37743
8571  7.24374
8581  6.58157
8591  3.14458
8601  6.94885
8611  4.07284
8621  5.29839
8631  3.35932
8641  3.354
8651  4.3995
8661  2.73506
8671  4.58168
8681  3.14389
8691  5.56681
8701  3.11772
8711  5.53328
8721  6.77192
8731  3.92029
8741  3.21791
8751  4.81395
8761  5.33484
8771  6.9195
8781  5.18078
8791  5.69201
8801  5.04101
8811  4.69953
8821  4.53681
8831  7.35586
8841  4.57142
8851  6.35035
8861  5.18581
8871  1.52832
8881  3.6891
8891  7.7288
8901  8.7977
8911  6.00862
8921  3.35383
8931  4.74532
8941  4.0535
8951  11.2865
8961  1.77595
8971  8.29293
8981  6.49143
8991  8.05813
9001  4.23287
9011  2.53225
9021  3.71843
9031  5.06966
9041  3.45876
9051  3.0228
9061  2.82636
9071  7.22724
9081  6.27389
9091  6.92171
9101  2.73323
9111  4.09157
9121  12.2329
9131  2.4098
9141  9.06311
9151  3.50227
9161  9.8674
9171  2.46414
9181  9.65548
9191  4.36698
9201  1.77891
9211  3.29964
9221  4.27488
9231  3.02217
9241  9.39776
9251  4.74993
9261  2.39514
9271  3.01584
9281  2.49887
9291  4.65926
9301  3.58596
9311  3.21124
9321  5.35806
9331  3.37559
9341  4.64075
9351  8.28536
9361  4.02175
9371  2.28836
9381  4.43426
9391  1.8152
9401  5.99961
9411  11.334
9421  6.94475
9431  4.29132
9441  5.74741
9451  4.8829
9461  11.8405
9471  6.24011
9481  3.33469
9491  4.06606
9501  2.66802
9511  7.82373
9521  4.90836
9531  7.53023
9541  7.38747
9551  5.02605
9561  1.2542
9571  3.64474
9581  7.23785
9591  2.23302
9601  6.40377
9611  2.40148
9621  4.28409
9631  3.38406
9641  5.33266
9651  3.60951
9661  5.77988
9671  3.5895
9681  3.34158
9691  2.58599
9701  2.2099
9711  2.88344
9721  5.02389
9731  3.85414
9741  4.23995
9751  5.21792
9761  4.03225
9771  4.49165
9781  6.65298
9791  4.81934
9801  6.0035
9811  1.95295
9821  5.45953
9831  11.1953
9841  2.83855
9851  2.8302
9861  5.86696
9871  4.12793
9881  6.05304
9891  5.48739
9901  4.1269
9911  5.96284
9921  4.77061
9931  3.08575
9941  5.2805
9951  8.59737
9961  7.99468
9971  7.77978
9981  5.22208
9991  4.20307
10001  7.45237
10011  5.31627
10021  3.24942
10031  5.08559
10041  4.72618
10051  8.18345
10061  4.93601
10071  5.92665
10081  3.13247
10091  5.8857
10101  11.6538
10111  2.42352
10121  7.09707
10131  7.37501
10141  2.99708
10151  5.27647
10161  1.60442
10171  2.88835
10181  3.37704
10191  4.34336
10201  6.94973
10211  4.18162
10221  4.64406
10231  3.95632
10241  4.40705
10251  9.54526
10261  4.15682
10271  4.88637
10281  8.36147
10291  2.78201
10301  6.73607
10311  4.31055
10321  3.4
10331  3.8425
10341  4.68246
10351  2.11713
10361  6.98162
10371  5.13629
10381  4.39445
10391  9.18441
10401  5.82997
10411  2.49152
10421  8.29353
10431  1.88347
10441  6.05907
10451  4.53166
10461  3.63943
10471  3.42177
10481  2.8078
10491  3.24273
10501  6.40622
10511  9.1951
10521  1.64455
10531  4.6081
10541  2.69294
10551  10.4829
10561  4.82433
10571  7.40237
10581  7.42112
10591  6.68211
10601  5.79771
10611  4.18751
10621  7.80126
10631  7.91523
10641  11.0883
10651  4.28112
10661  10.6005
10671  1.47741
10681  6.6276
10691  6.58845
10701  7.0279
10711  2.20337
10721  4.93181
10731  7.06557
10741  4.56764
10751  2.10198
10761  4.56452
10771  6.63555
10781  1.27282
10791  3.4619
10801  3.10949
10811  8.15015
10821  7.67523
10831  2.57766
10841  5.8137
10851  2.61535
10861  2.49702
10871  5.74567
10881  6.03412
10891  5.74246
10901  2.06627
10911  4.77359
10921  3.11183
10931  5.76816
10941  3.57388
10951  6.3022
10961  6.30395
10971  4.80832
10981  5.74529
10991  8.25845
